1.331682436096586486e-01
9.140975333889594934e-02
-1.440513260322781042e-01
2.370232734198321756e-01
1.950728441938975599e-01
1.763020160047024665e-01
5.434236976287264431e-01
1.286115463885494359e+00
2.021906184580036125e+00
1.639892153200132485e+00
1.169032989007367629e+00
5.210307353911132200e-01
4.691755356594494164e-01
3.785988203991632606e-01
4.432824285023675287e-02
3.363979070370540780e-01
-9.517255157081690176e-02
5.521872865097508104e-02
4.967517577604643221e-03
1.759975805834708418e-01
-8.667994588352562202e-02
6.850721813285079453e-02
4.428477560150769626e-02
-1.153987040017447202e-01
7.482778091153444167e-02
2.163099808400079371e-01
1.755038603964687860e-01
-3.240455915583567020e-02
1.698607230662471310e-02
-1.900142825089738974e-01
-8.931588091571263099e-02
-1.572847441627403808e-01
-7.637914038071122458e-02
3.593954672525434546e-03
6.844454281509537719e-02
-1.761436944196526772e-02
4.406243941362474048e-02
-7.401537777606645441e-02
1.084774280344618508e-01
-1.337442477338428998e-02
1.593548561631812771e-02
-3.123577764014314612e-02
-3.123779906634128155e-04
2.627656064188323981e-01
1.077184128347588726e-01
-2.027355535653376645e-02
1.076862205025546776e-01
5.512243200631287846e-04
-4.511770140442647459e-02
