-2.331632653061224403e+02
-1.994897959183673493e+02
-1.658163265306122298e+02
-1.321428571428571388e+02
-9.846938775510201936e+01
-6.479591836734691412e+01
-3.112244897959182310e+01
2.551020408163282127e+00
3.622448979591840157e+01
6.989795918367352101e+01
1.035714285714286120e+02
1.372448979591837031e+02
1.709183673469388225e+02
2.045918367346939135e+02
2.382653061224490045e+02
2.719387755102040956e+02
3.056122448979592150e+02
3.392857142857143344e+02
3.729591836734694539e+02
4.066326530612245733e+02
4.403061224489796928e+02
4.739795918367347554e+02
5.076530612244898748e+02
5.413265306122450511e+02
5.750000000000000000e+02
6.086734693877551763e+02
6.423469387755103526e+02
6.760204081632653015e+02
7.096938775510204778e+02
7.433673469387756541e+02
7.770408163265306030e+02
8.107142857142857792e+02
8.443877551020409555e+02
8.780612244897960181e+02
9.117346938775510807e+02
9.454081632653062570e+02
9.790816326530613196e+02
1.012755102040816382e+03
1.046428571428571558e+03
1.080102040816326735e+03
1.113775510204081911e+03
1.147448979591836860e+03
1.181122448979592036e+03
1.214795918367346985e+03
1.248469387755102161e+03
1.282142857142857338e+03
1.315816326530612514e+03
1.349489795918367463e+03
1.383163265306122412e+03
