-1.632857756675858696e-01
-2.678703564969164286e-01
4.590221385454769376e-02
-8.238678056331877331e-02
-2.236099513680351036e-01
8.988888331575535517e-02
5.405706423774794267e-01
1.436844599192904859e+00
1.838863895134066562e+00
1.915475370635065122e+00
8.386995277853973585e-01
8.303342506024207204e-01
5.677267429414472044e-01
3.523070098915553200e-02
4.787977079436998573e-01
-1.199001928078400753e-01
-4.783577251995591029e-02
1.613038528603866761e-01
-1.497618747244369997e-01
-3.960678162231655308e-02
1.400335548738197017e-02
-4.482157941171385079e-02
-1.418947034534187232e-02
-1.819054294786923986e-01
4.870584520362132297e-01
4.652889247865175104e-01
2.699310391127939246e-01
2.782029711214163981e-01
1.722362777593789418e-01
2.062732204728196794e-01
-4.740812344796622307e-03
5.741319942167368712e-02
-3.121226520921075998e-01
1.112249872222253466e-01
6.448832992090873517e-02
2.382584154406073573e-01
1.180005804998120363e-02
1.818388363584677592e-01
1.732027652989300004e-01
7.254462361366605105e-02
9.503930986255662572e-02
-1.423583254033981560e-01
-6.511000150155837884e-02
-3.555908881771663310e-01
-1.551650486443950649e-01
-8.483480826694610177e-02
4.784752061474342039e-02
6.302796212627952144e-02
4.239091204461394036e-02
