1.708981151441428814e-01
3.556340348217017222e-02
8.647061328326817453e-02
-2.425577875317406693e-02
-7.804584405979728134e-02
-3.191956073440616048e-02
-4.414888171622161628e-01
-1.541613689381274632e+00
-2.045643392800620131e+00
-2.021698134396042068e+00
-1.352889501569014552e+00
-1.259443645721697091e+00
-7.854923843501138148e-01
-5.787787950715436169e-01
-5.408892920769530210e-01
-3.917789966814457792e-01
-3.910722382177894696e-01
-4.175630406357624391e-01
-4.941324591730016924e-01
-3.984206300968925474e-01
-3.116622934024923519e-01
-2.517470306877919728e-01
-1.627578119484564545e-01
-1.938077436074832072e-01
-2.494229296695147646e-01
-2.033074616924629985e-01
-1.598852586106535856e-01
-2.426477794677119881e-01
-2.621337649168147266e-01
-1.896959704695686810e-01
-1.336717624756884326e-01
-2.331984177591686080e-01
-1.644575872446097653e-01
-8.768007826903406743e-02
-2.611354711311343266e-02
-1.228394609480626676e-01
-2.331379985163938018e-01
-1.046535036969611782e-01
-1.499608092661790515e-01
-6.772102365621243680e-02
-3.813945815837645886e-02
-2.496932458428410828e-02
-1.156561382844064345e-01
6.595533847230911073e-02
-1.736916748256800078e-02
4.457949578701878024e-02
-1.498501930893106349e-01
-6.884109538615645896e-02
7.992445599644458498e-02
