6.9424427000e+03    3.1190521582e-11
6.9424727893e+03    3.1265690455e-11
6.9425028787e+03    3.1341131332e-11
6.9425329680e+03    3.1416845529e-11
6.9425630574e+03    3.1492834366e-11
6.9425931467e+03    3.1569099174e-11
6.9426232361e+03    3.1645641289e-11
6.9426533255e+03    3.1722462057e-11
6.9426834148e+03    3.1799562833e-11
6.9427135041e+03    3.1876944979e-11
6.9427435935e+03    3.1954609865e-11
6.9427736828e+03    3.2032558870e-11
6.9428037722e+03    3.2110793381e-11
6.9428338615e+03    3.2189314795e-11
6.9428639509e+03    3.2268124514e-11
6.9428940402e+03    3.2347223952e-11
6.9429241296e+03    3.2426614531e-11
6.9429542189e+03    3.2506297681e-11
6.9429843083e+03    3.2586274841e-11
6.9430143976e+03    3.2666547458e-11
6.9430444870e+03    3.2747116990e-11
6.9430745763e+03    3.2827984902e-11
6.9431046657e+03    3.2909152670e-11
6.9431347550e+03    3.2990621776e-11
6.9431648444e+03    3.3072393715e-11
6.9431949338e+03    3.3154469989e-11
6.9432250231e+03    3.3236852109e-11
6.9432551124e+03    3.3319541597e-11
6.9432852018e+03    3.3402539983e-11
6.9433152911e+03    3.3485848807e-11
6.9433453805e+03    3.3569469620e-11
6.9433754698e+03    3.3653403980e-11
6.9434055592e+03    3.3737653457e-11
6.9434356485e+03    3.3822219630e-11
6.9434657379e+03    3.3907104088e-11
6.9434958272e+03    3.3992308429e-11
6.9435259166e+03    3.4077834263e-11
6.9435560059e+03    3.4163683208e-11
6.9435860953e+03    3.4249856895e-11
6.9436161846e+03    3.4336356962e-11
6.9436462740e+03    3.4423185059e-11
6.9436763633e+03    3.4510342847e-11
6.9437064527e+03    3.4597831997e-11
6.9437365421e+03    3.4685654190e-11
6.9437666314e+03    3.4773811118e-11
6.9437967207e+03    3.4862304484e-11
6.9438268101e+03    3.4951136002e-11
6.9438568994e+03    3.5040307396e-11
6.9438869888e+03    3.5129820403e-11
6.9439170781e+03    3.5219676768e-11
6.9439471675e+03    3.5309878250e-11
6.9439772568e+03    3.5400426619e-11
6.9440073462e+03    3.5491323654e-11
6.9440374355e+03    3.5582571147e-11
6.9440675249e+03    3.5674170903e-11
6.9440976142e+03    3.5766124736e-11
6.9441277036e+03    3.5858434473e-11
6.9441577929e+03    3.5951101952e-11
6.9441878823e+03    3.6044129025e-11
6.9442179716e+03    3.6137517553e-11
6.9442480610e+03    3.6231269412e-11
6.9442781504e+03    3.6325386487e-11
6.9443082397e+03    3.6419870678e-11
6.9443383290e+03    3.6514723896e-11
6.9443684184e+03    3.6609948066e-11
6.9443985077e+03    3.6705545122e-11
6.9444285971e+03    3.6801517015e-11
6.9444586864e+03    3.6897865706e-11
6.9444887758e+03    3.6994593169e-11
6.9445188651e+03    3.7091701393e-11
6.9445489545e+03    3.7189192377e-11
6.9445790438e+03    8.0951848251e-11
6.9446091332e+03    8.1155435455e-11
6.9446392225e+03    8.1359792963e-11
6.9446693119e+03    8.1564924675e-11
6.9446994012e+03    8.1770834511e-11
6.9447294906e+03    8.1977526421e-11
6.9447595799e+03    1.3792202813e-10
6.9447896693e+03    1.3826477190e-10
6.9448197587e+03    1.3860879689e-10
6.9448498480e+03    1.3895410950e-10
6.9448799373e+03    2.0627315093e-10
6.9449100267e+03    2.0678263209e-10
6.9449401160e+03    2.0729400562e-10
6.9449702054e+03    2.0780728092e-10
6.9450002947e+03    2.0832246745e-10
6.9450303841e+03    2.0883957470e-10
6.9450604734e+03    2.0935861227e-10
6.9450905628e+03    2.0987958979e-10
6.9451206521e+03    2.1040251694e-10
6.9451507415e+03    2.8314715975e-10
6.9451808308e+03    2.8384807588e-10
6.9452109202e+03    2.8455160099e-10
6.9452410095e+03    2.8525774806e-10
6.9452710989e+03    2.8596653015e-10
6.9453011882e+03    2.8667796040e-10
6.9453312776e+03    2.8739205204e-10
6.9453613670e+03    2.8810881838e-10
6.9453914563e+03    2.8882827281e-10
6.9454215456e+03    2.8955042881e-10
6.9454516350e+03    2.9027529994e-10
6.9454817243e+03    2.9100289984e-10
6.9455118137e+03    2.9173324224e-10
6.9455419030e+03    2.9246634097e-10
6.9455719924e+03    2.9320220993e-10
6.9456020817e+03    2.9394086311e-10
6.9456321711e+03    2.9468231460e-10
6.9456622604e+03    2.9542657857e-10
6.9456923498e+03    2.9617366928e-10
6.9457224391e+03    2.9692360108e-10
6.9457525285e+03    2.9767638842e-10
6.9457826178e+03    2.9843204583e-10
6.9458127072e+03    2.9919058794e-10
6.9458427965e+03    2.9995202948e-10
6.9458728859e+03    3.0071638525e-10
6.9459029753e+03    3.0148367017e-10
6.9459330646e+03    3.0225389925e-10
6.9459631539e+03    3.0302708759e-10
6.9459932433e+03    3.0380325039e-10
6.9460233326e+03    3.0458240295e-10
6.9460534220e+03    3.0536456066e-10
6.9460835113e+03    3.0614973902e-10
6.9461136007e+03    3.0693795363e-10
6.9461436900e+03    3.0772922018e-10
6.9461737794e+03    3.0852355448e-10
6.9462038687e+03    3.0932097242e-10
6.9462339581e+03    3.1012149001e-10
6.9462640474e+03    3.1092512335e-10
6.9462941368e+03    3.1173188867e-10
6.9463242261e+03    3.1254180228e-10
6.9463543155e+03    3.1335488061e-10
6.9463844048e+03    3.1417114019e-10
6.9464144942e+03    3.1499059766e-10
6.9464445836e+03    3.1581326978e-10
6.9464746729e+03    3.1663917340e-10
6.9465047622e+03    3.1746832550e-10
6.9465348516e+03    3.1830074316e-10
6.9465649409e+03    3.1913644357e-10
6.9465950303e+03    3.1997544405e-10
6.9466251196e+03    3.2081776203e-10
6.9466552090e+03    3.2166341503e-10
6.9466852983e+03    3.2251242072e-10
6.9467153877e+03    3.2336479687e-10
6.9467454770e+03    3.2422056137e-10
6.9467755664e+03    3.2507973223e-10
6.9468056557e+03    3.2594232759e-10
6.9468357451e+03    3.2680836568e-10
6.9468658344e+03    3.2767786489e-10
6.9468959238e+03    3.2855084371e-10
6.9469260131e+03    3.2942732076e-10
6.9469561025e+03    3.3030731479e-10
6.9469861919e+03    3.3119084466e-10
6.9470162812e+03    3.3207792938e-10
6.9470463705e+03    3.3296858807e-10
6.9470764599e+03    3.3386283999e-10
6.9471065492e+03    3.3476070452e-10
6.9471366386e+03    3.3566220117e-10
6.9471667279e+03    3.3656734960e-10
6.9471968173e+03    3.3747616958e-10
6.9472269066e+03    3.3838868104e-10
6.9472569960e+03    3.3930490401e-10
6.9472870853e+03    3.4022485870e-10
6.9473171747e+03    3.4114856543e-10
6.9473472640e+03    3.4207604465e-10
6.9473773534e+03    3.4300731698e-10
6.9474074427e+03    3.4394240316e-10
6.9474375321e+03    3.4488132408e-10
6.9474676214e+03    3.4582410077e-10
6.9474977108e+03    3.4677075440e-10
6.9475278002e+03    3.4772130630e-10
6.9475578895e+03    3.4867577793e-10
6.9475879788e+03    3.4963419092e-10
6.9476180682e+03    3.5059656702e-10
6.9476481575e+03    3.5156292816e-10
6.9476782469e+03    3.5253329640e-10
6.9477083362e+03    3.5350769397e-10
6.9477384256e+03    3.5448614324e-10
6.9477685149e+03    3.5546866675e-10
6.9477986043e+03    3.5645528719e-10
6.9478286936e+03    3.5744602739e-10
6.9478587830e+03    3.5844091038e-10
6.9478888723e+03    3.5943995933e-10
6.9479189617e+03    3.6044319755e-10
6.9479490510e+03    3.6145064856e-10
6.9479791404e+03    3.6246233600e-10
6.9480092297e+03    3.6347828371e-10
6.9480393191e+03    3.6449851569e-10
6.9480694085e+03    3.6552305609e-10
6.9480994978e+03    3.6655192925e-10
6.9481295871e+03    3.6758515969e-10
6.9481596765e+03    3.6862277209e-10
6.9481897658e+03    3.6966479129e-10
6.9482198552e+03    3.7071124235e-10
6.9482499445e+03    3.7176215046e-10
6.9482800339e+03    3.8466844215e-10
6.9483101232e+03    3.8575691299e-10
6.9483402126e+03    3.8685002106e-10
6.9483703019e+03    3.8794779278e-10
6.9484003913e+03    3.8905025479e-10
6.9484304806e+03    3.9015743392e-10
6.9484605700e+03    3.9126935717e-10
6.9484906593e+03    3.9238605175e-10
6.9485207487e+03    3.9350754508e-10
6.9485508380e+03    3.9463386474e-10
6.9485809274e+03    3.9576503854e-10
6.9486110168e+03    3.9690109449e-10
6.9486411061e+03    3.9804206078e-10
6.9486711954e+03    3.9918796582e-10
6.9487012848e+03    4.0033883824e-10
6.9487313741e+03    4.0149470685e-10
6.9487614635e+03    4.0265560069e-10
6.9487915528e+03    4.0382154900e-10
6.9488216422e+03    4.0499258124e-10
6.9488517315e+03    4.0616872709e-10
6.9488818209e+03    4.0735001643e-10
6.9489119102e+03    4.0853647938e-10
6.9489419996e+03    4.0972814627e-10
6.9489720889e+03    4.1092504766e-10
6.9490021783e+03    4.1212721431e-10
6.9490322676e+03    4.1333467725e-10
6.9490623570e+03    4.1454746771e-10
6.9490924463e+03    4.2242986488e-10
6.9491225357e+03    4.2366948361e-10
6.9491526251e+03    4.5469770905e-10
6.9491827144e+03    4.5602015875e-10
6.9492128037e+03    4.5734841463e-10
6.9492428931e+03    4.5868251090e-10
6.9492729824e+03    4.6002248200e-10
6.9493030718e+03    4.6136836265e-10
6.9493331611e+03    4.6429200336e-10
6.9493632505e+03    4.6952503093e-10
6.9493933398e+03    4.7090199193e-10
6.9494234292e+03    4.7228505151e-10
6.9494535185e+03    4.8373606110e-10
6.9494836079e+03    4.9993734276e-10
6.9495136972e+03    5.1311676533e-10
6.9495437866e+03    5.2653058057e-10
6.9495738760e+03    5.2806217601e-10
6.9496039653e+03    5.3085581286e-10
6.9496340546e+03    5.3425069873e-10
6.9496641440e+03    5.3581014547e-10
6.9496942334e+03    5.3737648641e-10
6.9497243227e+03    5.4569683470e-10
6.9497544120e+03    5.4729336504e-10
6.9497845014e+03    5.4889697250e-10
6.9498145907e+03    5.5050769931e-10
6.9498446801e+03    5.5212558801e-10
6.9498747694e+03    5.5375068147e-10
6.9499048588e+03    5.7090534796e-10
6.9499349481e+03    5.7258241585e-10
6.9499650375e+03    5.7970201830e-10
6.9499951268e+03    5.8140718071e-10
6.9500252162e+03    5.8311995144e-10
6.9500553055e+03    5.9450617552e-10
6.9500853949e+03    6.0758288876e-10
6.9501154843e+03    6.0936946334e-10
6.9501455736e+03    6.1116401501e-10
6.9501756629e+03    6.1296659181e-10
6.9502057523e+03    6.1477724214e-10
6.9502358416e+03    6.2344183135e-10
6.9502659310e+03    6.2528528778e-10
6.9502960203e+03    6.2713702499e-10
6.9503261097e+03    6.2899709317e-10
6.9503561990e+03    6.3086554289e-10
6.9503862884e+03    6.6179709219e-10
6.9504163777e+03    6.6375253014e-10
6.9504464671e+03    6.6571675745e-10
6.9504765564e+03    6.6768982749e-10
6.9505066458e+03    6.6967179404e-10
6.9505367351e+03    6.7166271130e-10
6.9505668245e+03    6.7366263390e-10
6.9505969138e+03    6.9121139274e-10
6.9506270032e+03    7.2758471676e-10
6.9506570926e+03    7.2973230245e-10
6.9506871819e+03    7.3188955183e-10
6.9507172712e+03    7.3405652376e-10
6.9507473606e+03    7.4497207932e-10
6.9507774499e+03    7.5682628103e-10
6.9508075393e+03    7.7665493968e-10
6.9508376286e+03    7.7894840170e-10
6.9508677180e+03    7.8125220291e-10
6.9508978073e+03    7.8356640649e-10
6.9509278967e+03    8.2614357993e-10
6.9509579860e+03    8.7083702166e-10
6.9509880754e+03    9.0324729053e-10
6.9510181647e+03    9.1705909249e-10
6.9510482541e+03    9.1972625296e-10
6.9510783434e+03    9.2240529392e-10
6.9511084328e+03    9.3917703686e-10
6.9511385221e+03    9.5480478434e-10
6.9511686115e+03    9.7531833364e-10
6.9511987009e+03    1.0056281147e-09
6.9512287902e+03    1.0085424256e-09
6.9512588795e+03    1.0114696910e-09
6.9512889689e+03    1.0144099893e-09
6.9513190582e+03    1.0254874744e-09
6.9513491476e+03    1.0284736747e-09
6.9513792369e+03    1.0314732180e-09
6.9514093263e+03    1.1437772165e-09
6.9514394156e+03    1.1887038583e-09
6.9514695050e+03    1.1921088853e-09
6.9514995943e+03    1.1955289071e-09
6.9515296837e+03    1.1989640140e-09
6.9515597730e+03    1.2092216183e-09
6.9515898624e+03    1.2257021056e-09
6.9516199517e+03    1.2479781982e-09
6.9516500411e+03    1.2735004779e-09
6.9516801304e+03    1.3156312030e-09
6.9517102198e+03    1.3308347992e-09
6.9517403092e+03    1.3418265536e-09
6.9517703985e+03    1.3967219704e-09
6.9518004878e+03    1.4007076149e-09
6.9518305772e+03    1.4241802685e-09
6.9518606665e+03    1.4616262419e-09
6.9518907559e+03    1.5059413038e-09
6.9519208452e+03    1.5102224946e-09
6.9519509346e+03    1.5145224453e-09
6.9519810239e+03    1.5314186757e-09
6.9520111133e+03    1.5517531284e-09
6.9520412026e+03    1.5561789857e-09
6.9520712920e+03    1.6029917181e-09
6.9521013813e+03    1.6109822937e-09
6.9521314707e+03    1.6214051111e-09
6.9521615600e+03    1.6260347797e-09
6.9521916494e+03    1.6489390696e-09
6.9522217387e+03    1.6536536929e-09
6.9522518281e+03    1.6583891193e-09
6.9522819175e+03    1.6631454747e-09
6.9523120068e+03    1.6679228864e-09
6.9523420961e+03    1.6940502160e-09
6.9523721855e+03    1.7652843486e-09
6.9524022748e+03    1.7703373086e-09
6.9524323642e+03    1.7987186786e-09
6.9524624535e+03    1.8608018313e-09
6.9524925429e+03    1.8661158903e-09
6.9525226322e+03    1.8831677706e-09
6.9525527216e+03    1.9049549352e-09
6.9525828109e+03    1.9340279871e-09
6.9526129003e+03    1.9395618166e-09
6.9526429896e+03    1.9580576201e-09
6.9526730790e+03    1.9636717709e-09
6.9527031683e+03    1.9693108172e-09
6.9527332577e+03    1.9749749112e-09
6.9527633470e+03    1.9806642061e-09
6.9527934364e+03    1.9863788565e-09
6.9528235258e+03    1.9921190181e-09
6.9528536151e+03    1.9978848478e-09
6.9528837044e+03    2.0036765039e-09
6.9529137938e+03    2.0094941459e-09
6.9529438831e+03    2.0153379346e-09
6.9529739725e+03    2.0212080319e-09
6.9530040618e+03    2.0271046013e-09
6.9530341512e+03    2.0330278073e-09
6.9530642405e+03    2.0389778160e-09
6.9530943299e+03    2.0449547948e-09
6.9531244192e+03    2.0509589122e-09
6.9531545086e+03    2.0569903383e-09
6.9531845979e+03    2.0630492445e-09
6.9532146873e+03    2.0691358037e-09
6.9532447766e+03    2.0752501900e-09
6.9532748660e+03    2.0813925791e-09
6.9533049553e+03    2.0875631481e-09
6.9533350447e+03    2.0937620755e-09
6.9533651341e+03    2.0999895413e-09
6.9533952234e+03    2.1062457270e-09
6.9534253127e+03    2.1125308154e-09
6.9534554021e+03    2.1188449912e-09
6.9534854914e+03    2.1251884403e-09
6.9535155808e+03    2.1315613502e-09
6.9535456701e+03    2.1379639100e-09
6.9535757595e+03    2.1443963105e-09
6.9536058488e+03    2.1508587438e-09
6.9536359382e+03    2.1573514039e-09
6.9536660275e+03    2.1638744862e-09
6.9536961169e+03    2.1704281879e-09
6.9537262062e+03    2.1770127077e-09
6.9537562956e+03    2.1836282462e-09
6.9537863849e+03    2.1902750054e-09
6.9538164743e+03    2.1969531893e-09
6.9538465636e+03    2.2036630034e-09
6.9538766530e+03    2.2104046551e-09
6.9539067424e+03    2.2171783534e-09
6.9539368317e+03    2.2239843093e-09
6.9539669210e+03    2.2308227354e-09
6.9539970104e+03    2.2376938463e-09
6.9540270997e+03    2.2445978582e-09
6.9540571891e+03    2.2515349895e-09
6.9540872784e+03    2.2585054601e-09
6.9541173678e+03    2.2655094920e-09
6.9541474571e+03    2.2725473092e-09
6.9541775465e+03    2.2796191376e-09
6.9542076358e+03    2.2867252048e-09
6.9542377252e+03    2.2938657408e-09
6.9542678145e+03    2.3010409772e-09
6.9542979039e+03    2.3082511480e-09
6.9543279932e+03    2.3154964890e-09
6.9543580826e+03    2.3227772381e-09
6.9543881719e+03    2.3300936354e-09
6.9544182613e+03    2.3374459230e-09
6.9544483507e+03    2.3448343452e-09
6.9544784400e+03    2.3522591485e-09
6.9545085293e+03    2.3597205815e-09
6.9545386187e+03    2.3672188950e-09
6.9545687080e+03    2.3747543422e-09
6.9545987974e+03    2.3823271784e-09
6.9546288867e+03    2.3899376612e-09
6.9546589761e+03    2.3975860506e-09
6.9546890654e+03    2.4052726089e-09
6.9547191548e+03    2.4129976006e-09
6.9547492441e+03    2.4207612929e-09
6.9547793335e+03    2.4285639552e-09
6.9548094228e+03    2.4364058593e-09
6.9548395122e+03    2.4442872798e-09
6.9548696015e+03    2.4522084933e-09
6.9548996909e+03    2.4601697794e-09
6.9549297802e+03    2.4681714199e-09
6.9549598696e+03    2.4762136995e-09
6.9549899590e+03    2.4842969052e-09
6.9550200483e+03    2.4924213269e-09
6.9550501376e+03    2.5005872570e-09
6.9550802270e+03    2.5087949908e-09
6.9551103163e+03    2.5170448262e-09
6.9551404057e+03    2.5253370638e-09
6.9551704950e+03    2.5336720071e-09
6.9552005844e+03    2.5420499626e-09
6.9552306737e+03    2.5504712393e-09
6.9552607631e+03    2.5589361494e-09
6.9552908524e+03    2.5674450080e-09
6.9553209418e+03    2.5759981330e-09
6.9553510311e+03    2.5845958454e-09
6.9553811205e+03    2.5932384693e-09
6.9554112098e+03    2.6019263319e-09
6.9554412992e+03    2.6106597633e-09
6.9554713885e+03    2.6194390970e-09
6.9555014779e+03    2.6282646696e-09
6.9555315673e+03    2.6371368208e-09
6.9555616566e+03    2.6460558938e-09
6.9555917459e+03    2.6550222349e-09
6.9556218353e+03    2.6640361938e-09
6.9556519246e+03    2.6730981236e-09
6.9556820140e+03    2.6822083809e-09
6.9557121033e+03    2.6913673257e-09
6.9557421927e+03    2.7005753214e-09
6.9557722820e+03    2.7098327352e-09
6.9558023714e+03    2.7191399377e-09
6.9558324607e+03    2.7284973032e-09
6.9558625501e+03    2.7379052096e-09
6.9558926394e+03    2.7473640386e-09
6.9559227288e+03    2.7568741758e-09
6.9559528181e+03    2.7664360105e-09
6.9559829075e+03    2.7760499358e-09
6.9560129968e+03    2.7857163487e-09
6.9560430862e+03    2.7954356505e-09
6.9560731756e+03    2.8052082461e-09
6.9561032649e+03    2.8150345447e-09
6.9561333542e+03    2.8249149595e-09
6.9561634436e+03    2.8348499081e-09
6.9561935329e+03    2.8448398119e-09
6.9562236223e+03    2.8548850971e-09
6.9562537116e+03    2.8649861937e-09
6.9562838010e+03    2.8751435366e-09
6.9563138903e+03    2.8853575647e-09
6.9563439797e+03    2.8956287217e-09
6.9563740690e+03    2.9059574556e-09
6.9564041584e+03    2.9163442194e-09
6.9564342477e+03    2.9267894703e-09
6.9564643371e+03    2.9372936706e-09
6.9564944264e+03    2.9478572873e-09
6.9565245158e+03    2.9584807921e-09
6.9565546051e+03    2.9691646619e-09
6.9565846945e+03    2.9799093784e-09
6.9566147839e+03    2.9907154283e-09
6.9566448732e+03    3.0015833036e-09
6.9566749625e+03    3.0125135015e-09
6.9567050519e+03    3.0235065242e-09
6.9567351412e+03    3.0345628794e-09
6.9567652306e+03    3.0456830803e-09
6.9567953199e+03    3.0568676454e-09
6.9568254093e+03    3.0681170987e-09
6.9568554986e+03    3.0794319701e-09
6.9568855880e+03    3.0908127949e-09
6.9569156773e+03    3.1022601143e-09
6.9569457667e+03    3.1137744753e-09
6.9569758560e+03    3.1253564309e-09
6.9570059454e+03    3.1370065400e-09
6.9570360347e+03    3.1487253677e-09
6.9570661241e+03    3.1605134853e-09
6.9570962134e+03    3.1723714701e-09
6.9571263028e+03    3.1842999062e-09
6.9571563922e+03    3.1962993836e-09
6.9571864815e+03    3.2083704992e-09
6.9572165708e+03    3.2205138564e-09
6.9572466602e+03    3.2327300653e-09
6.9572767495e+03    3.2450197429e-09
6.9573068389e+03    3.2573835128e-09
6.9573369282e+03    3.2698220060e-09
6.9573670176e+03    3.2823358602e-09
6.9573971069e+03    3.2949257206e-09
6.9574271963e+03    3.3075922395e-09
6.9574572856e+03    3.3203360767e-09
6.9574873750e+03    3.3331578995e-09
6.9575174643e+03    3.3460583826e-09
6.9575475537e+03    3.3590382088e-09
6.9575776431e+03    3.3720980684e-09
6.9576077324e+03    3.3852386598e-09
6.9576378217e+03    3.3984606895e-09
6.9576679111e+03    3.4117648719e-09
6.9576980005e+03    3.4251519301e-09
6.9577280898e+03    3.4386225954e-09
6.9577581791e+03    3.4521776075e-09
6.9577882685e+03    3.4658177151e-09
6.9578183578e+03    3.4795436754e-09
6.9578484472e+03    3.4933562547e-09
6.9578785365e+03    3.5072562282e-09
6.9579086259e+03    3.5212443806e-09
6.9579387152e+03    3.5353215055e-09
6.9579688046e+03    3.5494884064e-09
6.9579988939e+03    3.5637458961e-09
6.9580289833e+03    3.5780947972e-09
6.9580590726e+03    3.5925359424e-09
6.9580891620e+03    3.6070701743e-09
6.9581192514e+03    3.6216983457e-09
6.9581493407e+03    3.6364213198e-09
6.9581794300e+03    3.6512399704e-09
6.9582095194e+03    3.6661551820e-09
6.9582396088e+03    3.6811678497e-09
6.9582696981e+03    3.6962788799e-09
6.9582997874e+03    3.7114891901e-09
6.9583298768e+03    3.7267997091e-09
6.9583599661e+03    3.7422113775e-09
6.9583900555e+03    3.7577251472e-09
6.9584201448e+03    3.7733419825e-09
6.9584502342e+03    3.7890628593e-09
6.9584803235e+03    3.8048887663e-09
6.9585104129e+03    3.8208207043e-09
6.9585405022e+03    3.8368596870e-09
6.9585705916e+03    3.8530067409e-09
6.9586006809e+03    3.8692629057e-09
6.9586307703e+03    3.8856292342e-09
6.9586608597e+03    3.9021067931e-09
6.9586909490e+03    3.9186966624e-09
6.9587210383e+03    3.9353999365e-09
6.9587511277e+03    3.9522177236e-09
6.9587812171e+03    3.9691511468e-09
6.9588113064e+03    3.9862013434e-09
6.9588413957e+03    4.0033694659e-09
6.9588714851e+03    4.0206566819e-09
6.9589015744e+03    4.0380641745e-09
6.9589316638e+03    4.0555931424e-09
6.9589617531e+03    4.0732448001e-09
6.9589918425e+03    4.0910203785e-09
6.9590219318e+03    4.1089211251e-09
6.9590520212e+03    4.1269483038e-09
6.9590821105e+03    4.1451031959e-09
6.9591121999e+03    4.1633870997e-09
6.9591422892e+03    4.1818013316e-09
6.9591723786e+03    4.2003472255e-09
6.9592024680e+03    4.2190261337e-09
6.9592325573e+03    4.2378394273e-09
6.9592626466e+03    4.2567884959e-09
6.9592927360e+03    4.2758747486e-09
6.9593228254e+03    4.2950996140e-09
6.9593529147e+03    4.3144645406e-09
6.9593830040e+03    4.3339709972e-09
6.9594130934e+03    4.3536204731e-09
6.9594431827e+03    4.3734144787e-09
6.9594732721e+03    4.3933545458e-09
6.9595033614e+03    4.4134422278e-09
6.9595334508e+03    4.4336791004e-09
6.9595635401e+03    4.4540667617e-09
6.9595936295e+03    4.4746068329e-09
6.9596237188e+03    4.4953009585e-09
6.9596538082e+03    4.5161508067e-09
6.9596838975e+03    4.5371580701e-09
6.9597139869e+03    4.5583244659e-09
6.9597440763e+03    4.5796517366e-09
6.9597741656e+03    4.6011416500e-09
6.9598042549e+03    4.6227960003e-09
6.9598343443e+03    4.6446166081e-09
6.9598644337e+03    4.6666053211e-09
6.9598945230e+03    4.6887640148e-09
6.9599246123e+03    4.7110945926e-09
6.9599547017e+03    4.7335989865e-09
6.9599847910e+03    4.7562791580e-09
6.9600148804e+03    4.7791370981e-09
6.9600449697e+03    4.8021748283e-09
6.9600750591e+03    4.8253944010e-09
6.9601051484e+03    4.8487979001e-09
6.9601352378e+03    4.8723874417e-09
6.9601653271e+03    4.8961651746e-09
6.9601954165e+03    4.9201332811e-09
6.9602255058e+03    4.9442939778e-09
6.9602555952e+03    4.9686495157e-09
6.9602856846e+03    4.9932021816e-09
6.9603157739e+03    5.0179542982e-09
6.9603458632e+03    5.0429082254e-09
6.9603759526e+03    5.0680663605e-09
6.9604060420e+03    5.0934311396e-09
6.9604361313e+03    5.1190050376e-09
6.9604662206e+03    5.1447905697e-09
6.9604963100e+03    5.1707902919e-09
6.9605263993e+03    5.1970068018e-09
6.9605564887e+03    5.2234427396e-09
6.9605865780e+03    5.2501007892e-09
6.9606166674e+03    5.2769836785e-09
6.9606467567e+03    5.3040941810e-09
6.9606768461e+03    5.3314351163e-09
6.9607069354e+03    5.3590093513e-09
6.9607370248e+03    5.3868198012e-09
6.9607671141e+03    5.4148694305e-09
6.9607972035e+03    5.4431612540e-09
6.9608272929e+03    5.4716983381e-09
6.9608573822e+03    5.5004838017e-09
6.9608874715e+03    5.5295208174e-09
6.9609175609e+03    5.5588126129e-09
6.9609476503e+03    5.5883624719e-09
6.9609777396e+03    5.6181737354e-09
6.9610078289e+03    5.6482498033e-09
6.9610379183e+03    5.6785941354e-09
6.9610680076e+03    5.7092102527e-09
6.9610980970e+03    5.7401017393e-09
6.9611281863e+03    5.7712722430e-09
6.9611582757e+03    5.8027254777e-09
6.9611883650e+03    5.8344652240e-09
6.9612184544e+03    5.8664953316e-09
6.9612485437e+03    5.8988197203e-09
6.9612786331e+03    5.9314423818e-09
6.9613087224e+03    5.9643673816e-09
6.9613388118e+03    5.9975988605e-09
6.9613689012e+03    6.0311410364e-09
6.9613989905e+03    6.0649982064e-09
6.9614290798e+03    6.0991747483e-09
6.9614591692e+03    6.1336751227e-09
6.9614892586e+03    6.1685038755e-09
6.9615193479e+03    6.2036656389e-09
6.9615494372e+03    6.2391651348e-09
6.9615795266e+03    6.2750071759e-09
6.9616096159e+03    6.3111966686e-09
6.9616397053e+03    6.3477386152e-09
6.9616697946e+03    6.3846381162e-09
6.9616998840e+03    6.4219003727e-09
6.9617299733e+03    6.4595306893e-09
6.9617600627e+03    6.4975344763e-09
6.9617901520e+03    6.5359172529e-09
6.9618202414e+03    6.5746846495e-09
6.9618503307e+03    6.6138424108e-09
6.9618804201e+03    6.6533963988e-09
6.9619105095e+03    6.6933525960e-09
6.9619405988e+03    6.7337171082e-09
6.9619706881e+03    6.7744961683e-09
6.9620007775e+03    6.8156961391e-09
6.9620308669e+03    6.8573235171e-09
6.9620609562e+03    6.8993849362e-09
6.9620910455e+03    6.9418871714e-09
6.9621211349e+03    6.9848371422e-09
6.9621512242e+03    7.0282419172e-09
6.9621813136e+03    7.0721087178e-09
6.9622114029e+03    7.1164449228e-09
6.9622414923e+03    7.1612580724e-09
6.9622715816e+03    7.2065558728e-09
6.9623016710e+03    7.2523462014e-09
6.9623317603e+03    7.2986371110e-09
6.9623618497e+03    7.3454368351e-09
6.9623919390e+03    7.3927537935e-09
6.9624220284e+03    7.4405965969e-09
6.9624521178e+03    7.4889740533e-09
6.9624822071e+03    7.5378951731e-09
6.9625122964e+03    7.5873691757e-09
6.9625423858e+03    7.6374054952e-09
6.9625724752e+03    7.6880137871e-09
6.9626025645e+03    7.7392039351e-09
6.9626326538e+03    7.7909860578e-09
6.9626627432e+03    7.8433705159e-09
6.9626928325e+03    7.8963679197e-09
6.9627229219e+03    7.9499891370e-09
6.9627530112e+03    8.0042453007e-09
6.9627831006e+03    8.0591478175e-09
6.9628131899e+03    8.1147083767e-09
6.9628432793e+03    8.1709389585e-09
6.9628733686e+03    8.2278518441e-09
6.9629034580e+03    8.2854596249e-09
6.9629335473e+03    8.3437752129e-09
6.9629636367e+03    8.4028118509e-09
6.9629937261e+03    8.4625831237e-09
6.9630238154e+03    8.5231029693e-09
6.9630539047e+03    8.5843856907e-09
6.9630839941e+03    8.6464459681e-09
6.9631140835e+03    8.7092988721e-09
6.9631441728e+03    8.7729598764e-09
6.9631742621e+03    8.8374448724e-09
6.9632043515e+03    8.9027701830e-09
6.9632344408e+03    8.9689525783e-09
6.9632645302e+03    9.0360092908e-09
6.9632946195e+03    9.1039580322e-09
6.9633247089e+03    9.1728170104e-09
6.9633547982e+03    9.2426049471e-09
6.9633848876e+03    9.3133410969e-09
6.9634149769e+03    9.3850452667e-09
6.9634450663e+03    9.4577378357e-09
6.9634751556e+03    9.5314397770e-09
6.9635052450e+03    9.6061726797e-09
6.9635353344e+03    9.6819587722e-09
6.9635654237e+03    9.7588209467e-09
6.9635955130e+03    9.8367827841e-09
6.9636256024e+03    9.9158685814e-09
6.9636556918e+03    9.9961033788e-09
6.9636857811e+03    1.0077512990e-08
6.9637158704e+03    1.0160124031e-08
6.9637459598e+03    1.0243963954e-08
6.9637760491e+03    1.0329061080e-08
6.9638061385e+03    1.0415444637e-08
6.9638362278e+03    1.0503144790e-08
6.9638663172e+03    1.0592192688e-08
6.9638964065e+03    1.0682620500e-08
6.9639264959e+03    1.0774461459e-08
6.9639565852e+03    1.0867749908e-08
6.9639866746e+03    1.0962521347e-08
6.9640167639e+03    1.1058812482e-08
6.9640468533e+03    1.1156661279e-08
6.9640769427e+03    1.1256107016e-08
6.9641070320e+03    1.1357190347e-08
6.9641371213e+03    1.1459953359e-08
6.9641672107e+03    1.1564439636e-08
6.9641973001e+03    1.1670694331e-08
6.9642273894e+03    1.1778764235e-08
6.9642574787e+03    1.1888697854e-08
6.9642875681e+03    1.2000545488e-08
6.9643176574e+03    1.2114359318e-08
6.9643477468e+03    1.2230193494e-08
6.9643778361e+03    1.2348104229e-08
6.9644079255e+03    1.2468149902e-08
6.9644380148e+03    1.2590391158e-08
6.9644681042e+03    1.2714891030e-08
6.9644981935e+03    1.2841715048e-08
6.9645282829e+03    1.2970931371e-08
6.9645583722e+03    1.3102610918e-08
6.9645884616e+03    1.3236827513e-08
6.9646185510e+03    1.3373658030e-08
6.9646486403e+03    1.3513182561e-08
6.9646787296e+03    1.3655484576e-08
6.9647088190e+03    1.3800651113e-08
6.9647389084e+03    1.3948772965e-08
6.9647689977e+03    1.4099944884e-08
6.9647990870e+03    1.4254265801e-08
6.9648291764e+03    1.4411839059e-08
6.9648592657e+03    1.4572772656e-08
6.9648893551e+03    1.4737179513e-08
6.9649194444e+03    1.4905177753e-08
6.9649495338e+03    1.5076891000e-08
6.9649796231e+03    1.5252448705e-08
6.9650097125e+03    1.5431986483e-08
6.9650398019e+03    1.5615646483e-08
6.9650698912e+03    1.5803577780e-08
6.9650999805e+03    1.5995936792e-08
6.9651300699e+03    1.6192887735e-08
6.9651601593e+03    1.6394603097e-08
6.9651902486e+03    1.6601264162e-08
6.9652203379e+03    1.6813061559e-08
6.9652504273e+03    1.7030195857e-08
6.9652805167e+03    1.7252878204e-08
6.9653106060e+03    1.7481331009e-08
6.9653406953e+03    1.7715788684e-08
6.9653707847e+03    1.7956498427e-08
6.9654008740e+03    1.8203721078e-08
6.9654309634e+03    1.8457732034e-08
6.9654610527e+03    1.8718822229e-08
6.9654911421e+03    1.8987299198e-08
6.9655212314e+03    1.9263488216e-08
6.9655513208e+03    1.9547733525e-08
6.9655814102e+03    1.9840399657e-08
6.9656114995e+03    2.0141872861e-08
6.9656415888e+03    2.0452562634e-08
6.9656716782e+03    2.0772903373e-08
6.9657017676e+03    2.1103356155e-08
6.9657318569e+03    2.1444410652e-08
6.9657619462e+03    2.1796587189e-08
6.9657920356e+03    2.2160438959e-08
6.9658221249e+03    2.2536554407e-08
6.9658522143e+03    2.2925559779e-08
6.9658823036e+03    2.3328121863e-08
6.9659123930e+03    2.3744950926e-08
6.9659424823e+03    2.4176803842e-08
6.9659725717e+03    2.4624487436e-08
6.9660026610e+03    2.5088862039e-08
6.9660327504e+03    2.5570845252e-08
6.9660628397e+03    2.6071415921e-08
6.9660929291e+03    2.6591618316e-08
6.9661230185e+03    2.7132566487e-08
6.9661531078e+03    2.7695448779e-08
6.9661831971e+03    2.8281532462e-08
6.9662132865e+03    2.8892168428e-08
6.9662433759e+03    2.9528795855e-08
6.9662734652e+03    3.0192946766e-08
6.9663035545e+03    3.0886250314e-08
6.9663336439e+03    3.1610436633e-08
6.9663637332e+03    3.2367340018e-08
6.9663938226e+03    3.3158901125e-08
6.9664239119e+03    3.3987167837e-08
6.9664540013e+03    3.4854294298e-08
6.9664840906e+03    3.5762537545e-08
6.9665141800e+03    3.6714250992e-08
6.9665442693e+03    3.7711873888e-08
6.9665743587e+03    3.8757915637e-08
6.9666044480e+03    3.9854933693e-08
6.9666345374e+03    4.1005503454e-08
6.9666646268e+03    4.2212178338e-08
6.9666947161e+03    4.3477437933e-08
6.9667248054e+03    4.4803621840e-08
6.9667548948e+03    4.6192846612e-08
6.9667849842e+03    4.7646903028e-08
6.9668150735e+03    4.9167130983e-08
6.9668451628e+03    5.0754269494e-08
6.9668752522e+03    5.2408279961e-08
6.9669053415e+03    5.4128141960e-08
6.9669354309e+03    5.5911622618e-08
6.9669655202e+03    5.7755023337e-08
6.9669956096e+03    5.9652911268e-08
6.9670256989e+03    6.1597847749e-08
6.9670557883e+03    6.3580131685e-08
6.9670858776e+03    6.5587582413e-08
6.9671159670e+03    6.7605393158e-08
6.9671460563e+03    6.9616091775e-08
6.9671761457e+03    7.1599648523e-08
6.9672062351e+03    7.3533769181e-08
6.9672363244e+03    7.5394404087e-08
6.9672664137e+03    7.7156488064e-08
6.9672965031e+03    7.8794902462e-08
6.9673265925e+03    8.0285620228e-08
6.9673566818e+03    8.1606961851e-08
6.9673867711e+03    8.2740860237e-08
6.9674168605e+03    8.3674013060e-08
6.9674469498e+03    8.4398798431e-08
6.9674770392e+03    8.4913847209e-08
6.9675071285e+03    8.5224202156e-08
6.9675372179e+03    8.5341044411e-08
6.9675673072e+03    8.5281021899e-08
6.9675973966e+03    8.5065261637e-08
6.9676274859e+03    8.4718179656e-08
6.9676575753e+03    8.4266213992e-08
6.9676876646e+03    8.3736598135e-08
6.9677177540e+03    8.3156269273e-08
6.9677478434e+03    8.2550974208e-08
6.9677779327e+03    8.1944603028e-08
6.9678080220e+03    8.1358751877e-08
6.9678381114e+03    8.0812494632e-08
6.9678682008e+03    8.0322330061e-08
6.9678982901e+03    7.9902265194e-08
6.9679283794e+03    7.9563995739e-08
6.9679584688e+03    7.9317148294e-08
6.9679885581e+03    7.9169555086e-08
6.9680186475e+03    7.9127538692e-08
6.9680487368e+03    7.9196190496e-08
6.9680788262e+03    7.9379632233e-08
6.9681089155e+03    7.9681254375e-08
6.9681390049e+03    8.0103928548e-08
6.9681690942e+03    8.0650193523e-08
6.9681991836e+03    8.1322415948e-08
6.9682292729e+03    8.2122927930e-08
6.9682593623e+03    8.3054144081e-08
6.9682894517e+03    8.4118660756e-08
6.9683195410e+03    8.5319340198e-08
6.9683496303e+03    8.6659382051e-08
6.9683797197e+03    8.8142384424e-08
6.9684098091e+03    8.9772396361e-08
6.9684398984e+03    9.1553963199e-08
6.9684699877e+03    9.3492165951e-08
6.9685000771e+03    9.5592655460e-08
6.9685301664e+03    9.7861681724e-08
6.9685602558e+03    1.0030611839e-07
6.9685903451e+03    1.0293348202e-07
6.9686204345e+03    1.0575194533e-07
6.9686505238e+03    1.0877034303e-07
6.9686806132e+03    1.1199816858e-07
6.9687107025e+03    1.1544555930e-07
6.9687407919e+03    1.1912326687e-07
6.9687708812e+03    1.2304260932e-07
6.9688009706e+03    1.2721539998e-07
6.9688310600e+03    1.3165384774e-07
6.9688611493e+03    1.3637042217e-07
6.9688912386e+03    1.4137767624e-07
6.9689213280e+03    1.4668801816e-07
6.9689514174e+03    1.5231342376e-07
6.9689815067e+03    1.5826508000e-07
6.9690115960e+03    1.6455295097e-07
6.9690416854e+03    1.7118525871e-07
6.9690717747e+03    1.7816787368e-07
6.9691018641e+03    1.8550361359e-07
6.9691319534e+03    1.9319145545e-07
6.9691620428e+03    2.0122567343e-07
6.9691921321e+03    2.0959492563e-07
6.9692222215e+03    2.1828132481e-07
6.9692523108e+03    2.2725954124e-07
6.9692824002e+03    2.3649599844e-07
6.9693124895e+03    2.4594823270e-07
6.9693425789e+03    2.5556449229e-07
6.9693726683e+03    2.6528365005e-07
6.9694027576e+03    2.7503549147e-07
6.9694328469e+03    2.8474141974e-07
6.9694629363e+03    2.9431559059e-07
6.9694930257e+03    3.0366645799e-07
6.9695231150e+03    3.1269868083e-07
6.9695532043e+03    3.2131531627e-07
6.9695832937e+03    3.2942020988e-07
6.9696133830e+03    3.3692048482e-07
6.9696434724e+03    3.4372902975e-07
6.9696735617e+03    3.4976688159e-07
6.9697036511e+03    3.5496539256e-07
6.9697337404e+03    3.5926806264e-07
6.9697638298e+03    3.6263191357e-07
6.9697939191e+03    3.6502828960e-07
6.9698240085e+03    3.6644300111e-07
6.9698540978e+03    3.6687578376e-07
6.9698841872e+03    3.6633912463e-07
6.9699142766e+03    3.6485659366e-07
6.9699443659e+03    3.6246089605e-07
6.9699744552e+03    3.5919190632e-07
6.9700045446e+03    3.5509494332e-07
6.9700346340e+03    3.5021948992e-07
6.9700647233e+03    3.4461846079e-07
6.9700948126e+03    3.3834799698e-07
6.9701249020e+03    3.3146764603e-07
6.9701549913e+03    3.2404070098e-07
6.9701850807e+03    3.1613444078e-07
6.9702151700e+03    3.0782004536e-07
6.9702452594e+03    2.9917203934e-07
6.9702753487e+03    2.9026722749e-07
6.9703054381e+03    2.8118319300e-07
6.9703355274e+03    2.7199651292e-07
6.9703656168e+03    2.6278088774e-07
6.9703957061e+03    2.5360538263e-07
6.9704257955e+03    2.4453294289e-07
6.9704558849e+03    2.3561929117e-07
6.9704859742e+03    2.2691225287e-07
6.9705160635e+03    2.1845150158e-07
6.9705461529e+03    2.1026867581e-07
6.9705762423e+03    2.0238779393e-07
6.9706063316e+03    1.9482588466e-07
6.9706364209e+03    1.8759375316e-07
6.9706665103e+03    1.8069681242e-07
6.9706965996e+03    1.7413592348e-07
6.9707266890e+03    1.6790820287e-07
6.9707567783e+03    1.6200776923e-07
6.9707868677e+03    1.5642641261e-07
6.9708169570e+03    1.5115417919e-07
6.9708470464e+03    1.4617987073e-07
6.9708771357e+03    1.4149146273e-07
6.9709072251e+03    1.3707644788e-07
6.9709373144e+03    1.3292211299e-07
6.9709674038e+03    1.2901575803e-07
6.9709974932e+03    1.2534486585e-07
6.9710275825e+03    1.2189723042e-07
6.9710576718e+03    1.1866105088e-07
6.9710877612e+03    1.1562499776e-07
6.9711178506e+03    1.1277825676e-07
6.9711479399e+03    1.1011055476e-07
6.9711780292e+03    1.0761217200e-07
6.9712081186e+03    1.0527394355e-07
6.9712382079e+03    1.0308725273e-07
6.9712682973e+03    1.0104401861e-07
6.9712983866e+03    9.9136679268e-08
6.9713284760e+03    9.7358172191e-08
6.9713585653e+03    9.5701912828e-08
6.9713886547e+03    9.4161772164e-08
6.9714187440e+03    9.2732053936e-08
6.9714488334e+03    9.1407471967e-08
6.9714789227e+03    9.0183127984e-08
6.9715090121e+03    8.9054490175e-08
6.9715391015e+03    8.8017372678e-08
6.9715691908e+03    8.7067916120e-08
6.9715992801e+03    8.6202569285e-08
6.9716293695e+03    8.5418071965e-08
6.9716594589e+03    8.4711438993e-08
6.9716895482e+03    8.4079945476e-08
6.9717196375e+03    8.3521113194e-08
6.9717497269e+03    8.3032698146e-08
6.9717798162e+03    8.2612679210e-08
6.9718099056e+03    8.2259247868e-08
6.9718399949e+03    8.1970798959e-08
6.9718700843e+03    8.1745922427e-08
6.9719001736e+03    8.1583395986e-08
6.9719302630e+03    8.1482178697e-08
6.9719603523e+03    8.1441405371e-08
6.9719904417e+03    8.1460381771e-08
6.9720205310e+03    8.1538580551e-08
6.9720506204e+03    8.1675637884e-08
6.9720807098e+03    8.1871350699e-08
6.9721107991e+03    8.2125674479e-08
6.9721408884e+03    8.2438721523e-08
6.9721709778e+03    8.2810759586e-08
6.9722010672e+03    8.3242210785e-08
6.9722311565e+03    8.3733650620e-08
6.9722612458e+03    8.4285806968e-08
6.9722913352e+03    8.4899558831e-08
6.9723214245e+03    8.5575934600e-08
6.9723515139e+03    8.6316109528e-08
6.9723816032e+03    8.7121402064e-08
6.9724116926e+03    8.7993268594e-08
6.9724417819e+03    8.8933296075e-08
6.9724718713e+03    8.9943191951e-08
6.9725019607e+03    9.1024770616e-08
6.9725320500e+03    9.2179935619e-08
6.9725621393e+03    9.3410656681e-08
6.9725922287e+03    9.4718940526e-08
6.9726223181e+03    9.6106794508e-08
6.9726524074e+03    9.7576182002e-08
6.9726824967e+03    9.9128968733e-08
6.9727125861e+03    1.0076685943e-07
6.9727426755e+03    1.0249132476e-07
6.9727727648e+03    1.0430351926e-07
6.9728028541e+03    1.0620419212e-07
6.9728329435e+03    1.0819359412e-07
6.9728630328e+03    1.1027138617e-07
6.9728931222e+03    1.1243655690e-07
6.9729232115e+03    1.1468735955e-07
6.9729533009e+03    1.1702128048e-07
6.9729833902e+03    1.1943505383e-07
6.9730134796e+03    1.2192473702e-07
6.9730435690e+03    1.2448586092e-07
6.9730736583e+03    1.2711366400e-07
6.9731037476e+03    1.2980341322e-07
6.9731338370e+03    1.3255080387e-07
6.9731639264e+03    1.3535241864e-07
6.9731940157e+03    1.3820621336e-07
6.9732241050e+03    1.4111198672e-07
6.9732541944e+03    1.4407178496e-07
6.9732842838e+03    1.4709019436e-07
6.9733143731e+03    1.5017448281e-07
6.9733444624e+03    1.5333456767e-07
6.9733745518e+03    1.5658280665e-07
6.9734046411e+03    1.5993362830e-07
6.9734347305e+03    1.6340303435e-07
6.9734648198e+03    1.6700801567e-07
6.9734949092e+03    1.7076592521e-07
6.9735249985e+03    1.7469384617e-07
6.9735550879e+03    1.7880798413e-07
6.9735851773e+03    1.8312310054e-07
6.9736152666e+03    1.8765199492e-07
6.9736453559e+03    1.9240503576e-07
6.9736754453e+03    1.9738973702e-07
6.9737055347e+03    2.0261037827e-07
6.9737356240e+03    2.0806767153e-07
6.9737657133e+03    2.1375848497e-07
6.9737958027e+03    2.1967564265e-07
6.9738258921e+03    2.2580782730e-07
6.9738559814e+03    2.3213961818e-07
6.9738860707e+03    2.3865169639e-07
6.9739161601e+03    2.4532124312e-07
6.9739462494e+03    2.5212254167e-07
6.9739763388e+03    2.5902777147e-07
6.9740064281e+03    2.6600795417e-07
6.9740365175e+03    2.7303398335e-07
6.9740666068e+03    2.8007764570e-07
6.9740966962e+03    2.8711253122e-07
6.9741267856e+03    2.9411473749e-07
6.9741568749e+03    3.0106330100e-07
6.9741869642e+03    3.0794033439e-07
6.9742170536e+03    3.1473090260e-07
6.9742471430e+03    3.2142272328e-07
6.9742772323e+03    3.2800581270e-07
6.9743073216e+03    3.3447220960e-07
6.9743374110e+03    3.4081589077e-07
6.9743675004e+03    3.4703294710e-07
6.9743975897e+03    3.5312202644e-07
6.9744276790e+03    3.5908498289e-07
6.9744577684e+03    3.6492761704e-07
6.9744878577e+03    3.7066035797e-07
6.9745179471e+03    3.7629873578e-07
6.9745480364e+03    3.8186352119e-07
6.9745781258e+03    3.8738046184e-07
6.9746082151e+03    3.9287961164e-07
6.9746383045e+03    3.9839431599e-07
6.9746683939e+03    4.0395996932e-07
6.9746984832e+03    4.0961269247e-07
6.9747285725e+03    4.1538808326e-07
6.9747586619e+03    4.2132017396e-07
6.9747887513e+03    4.2744069179e-07
6.9748188406e+03    4.3377866947e-07
6.9748489299e+03    4.4036040193e-07
6.9748790193e+03    4.4720969935e-07
6.9749091087e+03    4.5434835216e-07
6.9749391980e+03    4.6179670361e-07
6.9749692873e+03    4.6957422139e-07
6.9749993767e+03    4.7769997032e-07
6.9750294660e+03    4.8619291000e-07
6.9750595554e+03    4.9507197200e-07
6.9750896447e+03    5.0435590417e-07
6.9751197341e+03    5.1406290263e-07
6.9751498234e+03    5.2421007842e-07
6.9751799128e+03    5.3481282303e-07
6.9752100022e+03    5.4588414202e-07
6.9752400915e+03    5.5743401799e-07
6.9752701808e+03    5.6946884643e-07
6.9753002702e+03    5.8199096500e-07
6.9753303596e+03    5.9499827486e-07
6.9753604489e+03    6.0848393874e-07
6.9753905382e+03    6.2243613695e-07
6.9754206276e+03    6.3683787051e-07
6.9754507170e+03    6.5166681425e-07
6.9754808063e+03    6.6689523654e-07
6.9755108956e+03    6.8249000882e-07
6.9755409850e+03    6.9841272443e-07
6.9755710743e+03    7.1461993439e-07
6.9756011637e+03    7.3106349365e-07
6.9756312530e+03    7.4769100354e-07
6.9756613424e+03    7.6444634034e-07
6.9756914317e+03    7.8127027640e-07
6.9757215211e+03    7.9810122299e-07
6.9757516105e+03    8.1487614162e-07
6.9757816998e+03    8.3153167105e-07
6.9758117891e+03    8.4800549165e-07
6.9758418785e+03    8.6423789749e-07
6.9758719679e+03    8.8017347759e-07
6.9759020572e+03    8.9576273837e-07
6.9759321465e+03    9.1096345089e-07
6.9759622359e+03    9.2574149633e-07
6.9759923253e+03    9.4007102275e-07
6.9760224146e+03    9.5393381096e-07
6.9760525039e+03    9.6731786267e-07
6.9760825933e+03    9.8021534641e-07
6.9761126826e+03    9.9262013961e-07
6.9761427720e+03    1.0045252713e-06
6.9761728613e+03    1.0159205878e-06
6.9762029507e+03    1.0267909342e-06
6.9762330400e+03    1.0371150705e-06
6.9762631294e+03    1.0468654389e-06
6.9762932188e+03    1.0560087722e-06
6.9763233081e+03    1.0645074096e-06
6.9763533974e+03    1.0723210777e-06
6.9763834868e+03    1.0794088347e-06
6.9764135762e+03    1.0857308656e-06
6.9764436655e+03    1.0912498858e-06
6.9764737548e+03    1.0959320204e-06
6.9765038442e+03    1.0997471728e-06
6.9765339336e+03    1.1026690212e-06
6.9765640229e+03    1.1046748690e-06
6.9765941122e+03    1.1057455870e-06
6.9766242016e+03    1.1058658393e-06
6.9766542909e+03    1.1050246847e-06
6.9766843803e+03    1.1032165343e-06
6.9767144696e+03    1.1004423375e-06
6.9767445590e+03    1.0967108002e-06
6.9767746483e+03    1.0920394068e-06
6.9768047377e+03    1.0864550270e-06
6.9768348271e+03    1.0799939339e-06
6.9768649164e+03    1.0727011198e-06
6.9768950057e+03    1.0646288761e-06
6.9769250951e+03    1.0558346746e-06
6.9769551845e+03    1.0463784565e-06
6.9769852738e+03    1.0363194897e-06
6.9770153631e+03    1.0257129890e-06
6.9770454525e+03    1.0146067239e-06
6.9770755419e+03    1.0030378476e-06
6.9771056312e+03    9.9103019650e-07
6.9771357205e+03    9.7859230746e-07
6.9771658099e+03    9.6571639788e-07
6.9771958992e+03    9.5237852102e-07
6.9772259886e+03    9.3854005041e-07
6.9772560779e+03    9.2415054724e-07
6.9772861673e+03    9.0915193016e-07
6.9773162566e+03    8.9348371168e-07
6.9773463460e+03    8.7708891460e-07
6.9773764354e+03    8.5992016444e-07
6.9774065247e+03    8.4194539597e-07
6.9774366140e+03    8.2315262967e-07
6.9774667034e+03    8.0355336656e-07
6.9774967928e+03    7.8318430227e-07
6.9775268821e+03    7.6210724784e-07
6.9775569714e+03    7.4040733319e-07
6.9775870608e+03    7.1818973389e-07
6.9776171502e+03    6.9557528106e-07
6.9776472395e+03    6.7269538104e-07
6.9776773288e+03    6.4968668323e-07
6.9777074182e+03    6.2668590156e-07
6.9777375075e+03    6.0382512629e-07
6.9777675969e+03    5.8122787324e-07
6.9777976862e+03    5.5900601961e-07
6.9778277756e+03    5.3725768064e-07
6.9778578649e+03    5.1606599955e-07
6.9778879543e+03    4.9549875988e-07
6.9779180437e+03    4.7560868733e-07
6.9779481330e+03    4.5643428758e-07
6.9779782223e+03    4.3800106424e-07
6.9780083117e+03    4.2032297219e-07
6.9780384011e+03    4.0340398204e-07
6.9780684904e+03    3.8723965626e-07
6.9780985797e+03    3.7181866302e-07
6.9781286691e+03    3.5712417738e-07
6.9781587585e+03    3.4313513955e-07
6.9781888478e+03    3.2982735649e-07
6.9782189371e+03    3.1717444450e-07
6.9782490265e+03    3.0514861962e-07
6.9782791158e+03    2.9372134730e-07
6.9783092052e+03    2.8286386622e-07
6.9783392945e+03    2.7254760203e-07
6.9783693839e+03    2.6274448678e-07
6.9783994732e+03    2.5342719912e-07
6.9784295626e+03    2.4456933857e-07
6.9784596520e+03    2.3614554628e-07
6.9784897413e+03    2.2813158245e-07
6.9785198306e+03    2.2050436942e-07
6.9785499200e+03    2.1324200801e-07
6.9785800094e+03    2.0632377308e-07
6.9786100987e+03    1.9973009369e-07
6.9786401880e+03    1.9344252169e-07
6.9786702774e+03    1.8744369224e-07
6.9787003668e+03    1.8171727885e-07
6.9787304561e+03    1.7624794488e-07
6.9787605454e+03    1.7102129333e-07
6.9787906348e+03    1.6602381588e-07
6.9788207241e+03    1.6124284237e-07
6.9788508135e+03    1.5666649122e-07
6.9788809028e+03    1.5228362132e-07
6.9789109922e+03    1.4808378584e-07
6.9789410815e+03    1.4405718804e-07
6.9789711709e+03    1.4019463930e-07
6.9790012603e+03    1.3648751943e-07
6.9790313496e+03    1.3292773925e-07
6.9790614389e+03    1.2950770539e-07
6.9790915283e+03    1.2622028735e-07
6.9791216177e+03    1.2305878661e-07
6.9791517070e+03    1.2001690782e-07
6.9791817963e+03    1.1708873187e-07
6.9792118857e+03    1.1426869084e-07
6.9792419751e+03    1.1155154463e-07
6.9792720644e+03    1.0893235924e-07
6.9793021537e+03    1.0640648655e-07
6.9793322431e+03    1.0396954549e-07
6.9793623324e+03    1.0161740460e-07
6.9793924218e+03    9.9346165751e-08
6.9794225111e+03    9.7152149049e-08
6.9794526005e+03    9.5031878786e-08
6.9794826898e+03    9.2982070392e-08
6.9795127792e+03    9.0999618287e-08
6.9795428686e+03    8.9081584594e-08
6.9795729579e+03    8.7225188635e-08
6.9796030472e+03    8.5427797155e-08
6.9796331366e+03    8.3686915225e-08
6.9796632260e+03    8.2000177767e-08
6.9796933153e+03    8.0365341667e-08
6.9797234046e+03    7.8780278413e-08
6.9797534940e+03    7.7242967242e-08
6.9797835833e+03    7.5751488744e-08
6.9798136727e+03    7.4304018897e-08
6.9798437620e+03    7.2898823491e-08
6.9798738514e+03    7.1534252929e-08
6.9799039407e+03    7.0208737364e-08
6.9799340301e+03    6.8920782154e-08
6.9799641194e+03    6.7668963613e-08
6.9799942088e+03    6.6451925034e-08
6.9800242981e+03    6.5268372961e-08
6.9800543875e+03    6.4117073708e-08
6.9800844769e+03    6.2996850086e-08
6.9801145662e+03    6.1906578338e-08
6.9801446555e+03    6.0845185272e-08
6.9801747449e+03    5.9811645554e-08
6.9802048343e+03    5.8804979182e-08
6.9802349236e+03    5.7824249108e-08
6.9802650129e+03    5.6868558994e-08
6.9802951023e+03    5.5937051120e-08
6.9803251916e+03    5.5028904400e-08
6.9803552810e+03    5.4143332522e-08
6.9803853703e+03    5.3279582197e-08
6.9804154597e+03    5.2436931508e-08
6.9804455490e+03    5.1614688350e-08
6.9804756384e+03    5.0812188970e-08
6.9805057278e+03    5.0028796578e-08
6.9805358171e+03    4.9263900043e-08
6.9805659064e+03    4.8516912659e-08
6.9805959958e+03    4.7787270981e-08
6.9806260852e+03    4.7074433727e-08
6.9806561745e+03    4.6377880731e-08
6.9806862638e+03    4.5697111966e-08
6.9807163532e+03    4.5031646611e-08
6.9807464426e+03    4.4381022167e-08
6.9807765319e+03    4.3744793624e-08
6.9808066212e+03    4.3122532674e-08
6.9808367106e+03    4.2513826957e-08
6.9808667999e+03    4.1918279354e-08
6.9808968893e+03    4.1335507310e-08
6.9809269786e+03    4.0765142199e-08
6.9809570680e+03    4.0206828716e-08
6.9809871573e+03    3.9660224297e-08
6.9810172467e+03    3.9124998580e-08
6.9810473361e+03    3.8600832876e-08
6.9810774254e+03    3.8087419682e-08
6.9811075147e+03    3.7584462208e-08
6.9811376041e+03    3.7091673928e-08
6.9811676935e+03    3.6608778160e-08
6.9811977828e+03    3.6135507656e-08
6.9812278721e+03    3.5671604218e-08
6.9812579615e+03    3.5216818332e-08
6.9812880509e+03    3.4770908818e-08
6.9813181402e+03    3.4333642493e-08
6.9813482295e+03    3.3904793857e-08
6.9813783189e+03    3.3484144788e-08
6.9814084082e+03    3.3071484253e-08
6.9814384976e+03    3.2666608030e-08
6.9814685869e+03    3.2269318447e-08
6.9814986763e+03    3.1879424128e-08
6.9815287656e+03    3.1496739752e-08
6.9815588550e+03    3.1121085827e-08
6.9815889444e+03    3.0752288464e-08
6.9816190337e+03    3.0390179174e-08
6.9816491230e+03    3.0034594661e-08
6.9816792124e+03    2.9685376632e-08
6.9817093018e+03    2.9342371614e-08
6.9817393911e+03    2.9005430777e-08
6.9817694804e+03    2.8674409765e-08
6.9817995698e+03    2.8349168535e-08
6.9818296592e+03    2.8029571202e-08
6.9818597485e+03    2.7715485892e-08
6.9818898378e+03    2.7406784598e-08
6.9819199272e+03    2.7103343045e-08
6.9819500165e+03    2.6805040559e-08
6.9819801059e+03    2.6511759942e-08
6.9820101952e+03    2.6223387350e-08
6.9820402846e+03    2.5939812181e-08
6.9820703739e+03    2.5660926962e-08
6.9821004633e+03    2.5386627243e-08
6.9821305527e+03    2.5116811493e-08
6.9821606420e+03    2.4851381006e-08
6.9821907313e+03    2.4590239804e-08
6.9822208207e+03    2.4333294546e-08
6.9822509101e+03    2.4080454442e-08
6.9822809994e+03    2.3831631169e-08
6.9823110887e+03    2.3586738792e-08
6.9823411781e+03    2.3345693682e-08
6.9823712675e+03    2.3108414447e-08
6.9824013568e+03    2.2874821855e-08
6.9824314461e+03    2.2644838771e-08
6.9824615355e+03    2.2418390084e-08
6.9824916248e+03    2.2195402647e-08
6.9825217142e+03    2.1975805216e-08
6.9825518035e+03    2.1759528388e-08
6.9825818929e+03    2.1546504542e-08
6.9826119822e+03    2.1336667792e-08
6.9826420716e+03    2.1129953923e-08
6.9826721610e+03    2.0926300349e-08
6.9827022503e+03    2.0725646058e-08
6.9827323396e+03    2.0527931566e-08
6.9827624290e+03    2.0333098872e-08
6.9827925184e+03    2.0141091411e-08
6.9828226077e+03    1.9951854014e-08
6.9828526970e+03    1.9765332864e-08
6.9828827864e+03    1.9581475460e-08
6.9829128758e+03    1.9400230574e-08
6.9829429651e+03    1.9221548215e-08
6.9829730544e+03    1.9045379597e-08
6.9830031438e+03    1.8871677096e-08
6.9830332331e+03    1.8700394227e-08
6.9830633225e+03    1.8531485602e-08
6.9830934118e+03    1.8364906904e-08
6.9831235012e+03    1.8200614856e-08
6.9831535905e+03    1.8038567189e-08
6.9831836799e+03    1.7878722618e-08
6.9832137693e+03    1.7721040811e-08
6.9832438586e+03    1.7565482364e-08
6.9832739479e+03    1.7412008774e-08
6.9833040373e+03    1.7260582418e-08
6.9833341267e+03    1.7111166522e-08
6.9833642160e+03    1.6963725147e-08
6.9833943053e+03    1.6818223156e-08
6.9834243947e+03    1.6674626202e-08
6.9834544841e+03    1.6532900700e-08
6.9834845734e+03    1.6393013810e-08
6.9835146627e+03    1.6254933415e-08
6.9835447521e+03    1.6118628104e-08
6.9835748414e+03    1.5984067153e-08
6.9836049308e+03    1.5851220503e-08
6.9836350201e+03    1.5720058751e-08
6.9836651095e+03    1.5590553122e-08
6.9836951988e+03    1.5462675463e-08
6.9837252882e+03    1.5336398221e-08
6.9837553776e+03    1.5211694429e-08
6.9837854669e+03    1.5088537689e-08
6.9838155562e+03    1.4966902163e-08
6.9838456456e+03    1.4846762554e-08
6.9838757350e+03    1.4728094092e-08
6.9839058243e+03    1.4610872524e-08
6.9839359136e+03    1.4495074100e-08
6.9839660030e+03    1.4380675558e-08
6.9839960924e+03    1.4267654116e-08
6.9840261817e+03    1.4155987457e-08
6.9840562710e+03    1.4045653717e-08
6.9840863604e+03    1.3936631478e-08
6.9841164497e+03    1.3828899752e-08
6.9841465391e+03    1.3722437976e-08
6.9841766284e+03    1.3617225997e-08
6.9842067178e+03    1.3513244063e-08
6.9842368071e+03    1.3410472816e-08
6.9842668965e+03    1.3308893280e-08
6.9842969859e+03    1.3208486853e-08
6.9843270752e+03    1.3109235299e-08
6.9843571645e+03    1.3011120735e-08
6.9843872539e+03    1.2914125631e-08
6.9844173433e+03    1.2818232791e-08
6.9844474326e+03    1.2723425356e-08
6.9844775219e+03    1.2629686788e-08
6.9845076113e+03    1.2537000867e-08
6.9845377007e+03    1.2445351682e-08
6.9845677900e+03    1.2354723624e-08
6.9845978793e+03    1.2265101379e-08
6.9846279687e+03    1.2176469923e-08
6.9846580580e+03    1.2088814512e-08
6.9846881474e+03    1.2002120681e-08
6.9847182367e+03    1.1916374230e-08
6.9847483261e+03    1.1831561227e-08
6.9847784154e+03    1.1747667994e-08
6.9848085048e+03    1.1664681106e-08
6.9848385942e+03    1.1582587387e-08
6.9848686835e+03    1.1501373896e-08
6.9848987728e+03    1.1421027934e-08
6.9849288622e+03    1.1341537027e-08
6.9849589516e+03    1.1262888929e-08
6.9849890409e+03    1.1185071615e-08
6.9850191302e+03    1.1108073274e-08
6.9850492196e+03    1.1031882306e-08
6.9850793090e+03    1.0956487320e-08
6.9851093983e+03    1.0881877124e-08
6.9851394876e+03    1.0808040724e-08
6.9851695770e+03    1.0734967322e-08
6.9851996663e+03    1.0662646308e-08
6.9852297557e+03    1.0591067256e-08
6.9852598450e+03    1.0520219924e-08
6.9852899344e+03    1.0450094247e-08
6.9853200237e+03    1.0380680331e-08
6.9853501131e+03    1.0311968458e-08
6.9853802025e+03    1.0243949072e-08
6.9854102918e+03    1.0176612784e-08
6.9854403811e+03    1.0109950361e-08
6.9854704705e+03    1.0043952730e-08
6.9855005599e+03    9.9786109716e-09
6.9855306492e+03    9.9139163148e-09
6.9855607385e+03    9.8498601374e-09
6.9855908279e+03    9.7864339611e-09
6.9856209173e+03    9.7236294493e-09
6.9856510066e+03    9.6614384040e-09
6.9856810959e+03    9.5998527631e-09
6.9857111853e+03    9.5388645974e-09
6.9857412746e+03    9.4784661085e-09
6.9857713640e+03    9.4186496259e-09
6.9858014533e+03    9.3594076043e-09
6.9858315427e+03    9.3007326216e-09
6.9858616320e+03    9.2426173760e-09
6.9858917214e+03    9.1850546840e-09
6.9859218108e+03    9.1280374779e-09
6.9859519001e+03    9.0715588037e-09
6.9859819894e+03    9.0156118186e-09
6.9860120788e+03    8.9601897894e-09
6.9860421682e+03    8.9052860897e-09
6.9860722575e+03    8.8508941985e-09
6.9861023468e+03    8.7970076979e-09
6.9861324362e+03    8.7436202708e-09
6.9861625256e+03    8.6907256998e-09
6.9861926149e+03    8.6383178645e-09
6.9862227042e+03    8.5863907402e-09
6.9862527936e+03    8.5349383958e-09
6.9862828829e+03    8.4839549923e-09
6.9863129723e+03    8.4334347809e-09
6.9863430616e+03    8.3833721012e-09
6.9863731510e+03    8.3337613799e-09
6.9864032403e+03    8.2845971291e-09
6.9864333297e+03    8.2358739445e-09
6.9864634191e+03    8.1875865040e-09
6.9864935084e+03    8.1397295663e-09
6.9865235977e+03    8.0922979692e-09
6.9865536871e+03    8.0452866284e-09
6.9865837765e+03    7.9986905361e-09
6.9866138658e+03    7.9525047591e-09
6.9866439551e+03    7.9067244383e-09
6.9866740445e+03    7.8613447866e-09
6.9867041339e+03    7.8163610880e-09
6.9867342232e+03    7.7717686965e-09
6.9867643125e+03    7.7275630341e-09
6.9867944019e+03    7.6837395907e-09
6.9868244912e+03    7.6402939218e-09
6.9868545806e+03    7.5972216482e-09
6.9868846699e+03    7.5545184543e-09
6.9869147593e+03    7.5121800872e-09
6.9869448486e+03    7.4702023557e-09
6.9869749380e+03    7.4285811289e-09
6.9870050274e+03    7.3873123356e-09
6.9870351167e+03    7.3463919629e-09
6.9870652060e+03    7.3058160553e-09
6.9870952954e+03    7.2655807138e-09
6.9871253848e+03    7.2256820948e-09
6.9871554741e+03    7.1861164093e-09
6.9871855634e+03    7.1468799217e-09
6.9872156528e+03    7.1079689492e-09
6.9872457422e+03    7.0693798608e-09
6.9872758315e+03    7.0311090765e-09
6.9873059208e+03    6.9931530659e-09
6.9873360102e+03    6.9555083483e-09
6.9873660995e+03    6.9181714912e-09
6.9873961889e+03    6.8811391095e-09
6.9874262782e+03    6.8444078650e-09
6.9874563676e+03    6.8079744655e-09
6.9874864569e+03    6.7718356641e-09
6.9875165463e+03    6.7359882583e-09
6.9875466357e+03    6.7004290892e-09
6.9875767250e+03    6.6651550412e-09
6.9876068143e+03    6.6301630409e-09
6.9876369037e+03    6.5954500564e-09
6.9876669931e+03    6.5610130970e-09
6.9876970824e+03    6.5268492121e-09
6.9877271717e+03    6.4929554907e-09
6.9877572611e+03    6.4593290611e-09
6.9877873505e+03    6.4259670896e-09
6.9878174398e+03    6.3928667804e-09
6.9878475291e+03    6.3600253749e-09
6.9878776185e+03    6.3274401508e-09
6.9879077078e+03    6.2951084222e-09
6.9879377972e+03    6.2630275381e-09
6.9879678866e+03    6.2311948826e-09
6.9879979759e+03    6.1996078742e-09
6.9880280652e+03    6.1682639648e-09
6.9880581546e+03    6.1371606397e-09
6.9880882440e+03    6.1062954170e-09
6.9881183333e+03    6.0756658467e-09
6.9881484226e+03    6.0452695107e-09
6.9881785120e+03    6.0151040219e-09
6.9882086014e+03    5.9851670241e-09
6.9882386907e+03    5.9554561912e-09
6.9882687800e+03    5.9259692268e-09
6.9882988694e+03    5.8967038639e-09
6.9883289588e+03    5.8676578644e-09
6.9883590481e+03    5.8388290183e-09
6.9883891374e+03    5.8102151439e-09
6.9884192268e+03    5.7818140870e-09
6.9884493161e+03    5.7536237203e-09
6.9884794055e+03    5.7256419435e-09
6.9885094949e+03    5.6978666824e-09
6.9885395842e+03    5.6702958888e-09
6.9885696735e+03    5.6429275400e-09
6.9885997629e+03    5.6157596384e-09
6.9886298523e+03    5.5887902113e-09
6.9886599416e+03    5.5620173103e-09
6.9886900309e+03    5.5354390111e-09
6.9887201203e+03    5.5090534128e-09
6.9887502097e+03    5.4828586383e-09
6.9887802990e+03    5.4568528330e-09
6.9888103883e+03    5.4310341654e-09
6.9888404777e+03    5.4054008258e-09
6.9888705671e+03    5.3799510269e-09
6.9889006564e+03    5.3546830029e-09
6.9889307457e+03    5.3295950094e-09
6.9889608351e+03    5.3046853229e-09
6.9889909244e+03    5.2799522407e-09
6.9890210138e+03    5.2553940806e-09
6.9890511032e+03    5.2310091805e-09
6.9890811925e+03    5.2067958980e-09
6.9891112818e+03    5.1827526105e-09
6.9891413712e+03    5.1588777145e-09
6.9891714606e+03    5.1351696255e-09
6.9892015499e+03    5.1116267778e-09
6.9892316392e+03    5.0882476242e-09
6.9892617286e+03    5.0650306357e-09
6.9892918180e+03    5.0419743010e-09
6.9893219073e+03    5.0190771268e-09
6.9893519966e+03    4.9963376371e-09
6.9893820860e+03    4.9737543732e-09
6.9894121754e+03    4.9513258931e-09
6.9894422647e+03    4.9290507719e-09
6.9894723540e+03    4.9069276007e-09
6.9895024434e+03    4.8849549874e-09
6.9895325327e+03    4.8631315555e-09
6.9895626221e+03    4.8414559445e-09
6.9895927115e+03    4.8199268094e-09
6.9896228008e+03    4.7985428207e-09
6.9896528901e+03    4.7773026639e-09
6.9896829795e+03    4.7562050396e-09
6.9897130689e+03    4.7352486631e-09
6.9897431582e+03    4.7144322641e-09
6.9897732475e+03    4.6937545870e-09
6.9898033369e+03    4.6732143899e-09
6.9898334263e+03    4.6528104453e-09
6.9898635156e+03    4.6325415391e-09
6.9898936049e+03    4.6124064711e-09
6.9899236943e+03    4.5924040542e-09
6.9899537837e+03    4.5725331147e-09
6.9899838730e+03    4.5527924921e-09
6.9900139623e+03    4.5331810384e-09
6.9900440517e+03    4.5136976186e-09
6.9900741410e+03    4.4943411102e-09
6.9901042304e+03    4.4751104027e-09
6.9901343198e+03    4.4560043984e-09
6.9901644091e+03    4.4370220112e-09
6.9901944984e+03    4.4181621670e-09
6.9902245878e+03    4.3994238034e-09
6.9902546772e+03    4.3808058697e-09
6.9902847665e+03    4.3623073264e-09
6.9903148558e+03    4.3439271455e-09
6.9903449452e+03    4.3256643099e-09
6.9903750346e+03    4.3075178137e-09
6.9904051239e+03    4.2894866616e-09
6.9904352132e+03    4.2715698691e-09
6.9904653026e+03    4.2537664624e-09
6.9904953920e+03    4.2360754778e-09
6.9905254813e+03    4.2184959623e-09
6.9905555706e+03    4.2010269726e-09
6.9905856600e+03    4.1836675757e-09
6.9906157493e+03    4.1664168485e-09
6.9906458387e+03    4.1492738775e-09
6.9906759281e+03    4.1322377590e-09
6.9907060174e+03    4.1153075988e-09
6.9907361067e+03    4.0984825120e-09
6.9907661961e+03    4.0817616231e-09
6.9907962855e+03    4.0651440657e-09
6.9908263748e+03    4.0486289824e-09
6.9908564641e+03    4.0322155248e-09
6.9908865535e+03    4.0159028534e-09
6.9909166429e+03    3.9996901372e-09
6.9909467322e+03    3.9835765540e-09
6.9909768215e+03    3.9675612901e-09
6.9910069109e+03    3.9516435400e-09
6.9910370003e+03    3.9358225066e-09
6.9910670896e+03    3.9200974011e-09
6.9910971789e+03    3.9044674425e-09
6.9911272683e+03    3.8889318581e-09
6.9911573576e+03    3.8734898829e-09
6.9911874470e+03    3.8581407596e-09
6.9912175364e+03    3.8428837388e-09
6.9912476257e+03    3.8277180787e-09
6.9912777150e+03    3.8126430448e-09
6.9913078044e+03    3.7976579101e-09
6.9913378938e+03    3.7827619551e-09
6.9913679831e+03    3.7679544673e-09
6.9913980724e+03    3.7532347414e-09
6.9914281618e+03    3.7386020792e-09
6.9914582512e+03    3.7240557896e-09
6.9914883405e+03    3.7095951881e-09
6.9915184298e+03    3.6952195973e-09
6.9915485192e+03    3.6809283463e-09
6.9915786086e+03    3.6667207711e-09
6.9916086979e+03    3.6525962139e-09
6.9916387872e+03    3.6385540238e-09
6.9916688766e+03    3.6245935560e-09
6.9916989659e+03    3.6107141722e-09
6.9917290553e+03    3.5969152404e-09
6.9917591447e+03    3.5831961346e-09
6.9917892340e+03    3.5695562350e-09
6.9918193233e+03    3.5559949280e-09
6.9918494127e+03    3.5425116056e-09
6.9918795021e+03    3.5291056662e-09
6.9919095914e+03    3.5157765137e-09
6.9919396807e+03    3.5025235577e-09
6.9919697701e+03    3.4893462138e-09
6.9919998595e+03    3.4762439029e-09
6.9920299488e+03    3.4632160518e-09
6.9920600381e+03    3.4502620926e-09
6.9920901275e+03    3.4373814628e-09
6.9921202169e+03    3.4245736054e-09
6.9921503062e+03    3.4118379686e-09
6.9921803955e+03    3.3991740060e-09
6.9922104849e+03    3.3865811762e-09
6.9922405742e+03    3.3740589432e-09
6.9922706636e+03    3.3616067758e-09
6.9923007530e+03    3.3492241479e-09
6.9923308423e+03    3.3369105385e-09
6.9923609316e+03    3.3246654314e-09
6.9923910210e+03    3.3124883151e-09
6.9924211104e+03    3.3003786832e-09
6.9924511997e+03    3.2571666969e-09
6.9924812890e+03    3.2452653548e-09
6.9925113784e+03    3.2334297364e-09
6.9925414678e+03    3.2216593553e-09
6.9925715571e+03    3.2099537292e-09
6.9926016464e+03    3.1983123806e-09
6.9926317358e+03    3.1867348361e-09
6.9926618252e+03    3.1752206270e-09
6.9926919145e+03    3.1637692888e-09
6.9927220038e+03    3.1523803611e-09
6.9927520932e+03    3.1410533880e-09
6.9927821825e+03    3.1297879175e-09
6.9928122719e+03    3.1185835021e-09
6.9928423613e+03    3.1074396981e-09
6.9928724506e+03    3.0963560660e-09
6.9929025399e+03    3.0853321701e-09
6.9929326293e+03    3.0743675788e-09
6.9929627187e+03    3.0634618645e-09
6.9929928080e+03    3.0526146033e-09
6.9930228973e+03    3.0418253752e-09
6.9930529867e+03    3.0310937640e-09
6.9930830761e+03    3.0204193573e-09
6.9931131654e+03    3.0098017463e-09
6.9931432547e+03    2.9992405258e-09
6.9931733441e+03    2.9887352945e-09
6.9932034335e+03    2.9782856544e-09
6.9932335228e+03    2.9678912112e-09
6.9932636121e+03    2.9575515740e-09
6.9932937015e+03    2.9472663556e-09
6.9933237908e+03    2.9370351720e-09
6.9933538802e+03    2.9268576427e-09
6.9933839696e+03    2.9167333905e-09
6.9934140589e+03    2.9066620416e-09
6.9934441482e+03    2.8966432255e-09
6.9934742376e+03    2.8866765749e-09
6.9935043270e+03    2.8767617257e-09
6.9935344163e+03    2.8668983171e-09
6.9935645056e+03    2.8570859912e-09
6.9935945950e+03    2.8473243937e-09
6.9936246844e+03    2.8376131729e-09
6.9936547737e+03    2.8279519803e-09
6.9936848630e+03    2.8183404707e-09
6.9937149524e+03    2.8087783014e-09
6.9937450418e+03    2.7992651332e-09
6.9937751311e+03    2.7898006293e-09
6.9938052204e+03    2.7803844562e-09
6.9938353098e+03    2.7710162832e-09
6.9938653991e+03    2.7616957822e-09
6.9938954885e+03    2.7524226281e-09
6.9939255779e+03    2.7431964987e-09
6.9939556672e+03    2.7340170744e-09
6.9939857565e+03    2.7248840382e-09
6.9940158459e+03    2.7157970760e-09
6.9940459353e+03    2.7067558763e-09
6.9940760246e+03    2.6977601304e-09
6.9941061139e+03    2.6888095319e-09
6.9941362033e+03    2.6799037771e-09
6.9941662927e+03    2.6710425651e-09
6.9941963820e+03    2.6622255973e-09
6.9942264713e+03    2.6534525776e-09
6.9942565607e+03    2.6447232124e-09
6.9942866501e+03    2.6360372108e-09
6.9943167394e+03    2.6273942840e-09
6.9943468287e+03    2.6187941458e-09
6.9943769181e+03    2.6102365123e-09
6.9944070074e+03    2.6017211020e-09
6.9944370968e+03    2.5932476358e-09
6.9944671862e+03    2.5848158369e-09
6.9944972755e+03    2.5764254306e-09
6.9945273648e+03    2.5680761448e-09
6.9945574542e+03    2.5161814331e-09
6.9945875436e+03    2.5080182426e-09
6.9946176329e+03    2.4998949925e-09
6.9946477222e+03    2.4918114214e-09
6.9946778116e+03    2.4837672696e-09
6.9947079010e+03    2.4757622799e-09
6.9947379903e+03    2.4122112997e-09
6.9947680796e+03    2.4044173138e-09
6.9947981690e+03    2.3966612505e-09
6.9948282584e+03    2.3889428633e-09
6.9948583477e+03    2.3144568495e-09
6.9948884370e+03    2.3069734708e-09
6.9949185264e+03    2.2995264630e-09
6.9949486157e+03    2.2921155901e-09
6.9949787051e+03    2.2847406179e-09
6.9950087945e+03    2.2774013142e-09
6.9950388838e+03    2.2700974487e-09
6.9950689731e+03    2.2628287928e-09
6.9950990625e+03    2.2555951199e-09
6.9951291519e+03    2.2483962052e-09
6.9951592412e+03    2.1690800587e-09
6.9951893305e+03    2.1621231818e-09
6.9952194199e+03    2.1551997767e-09
6.9952495093e+03    2.1483096287e-09
6.9952795986e+03    2.1414525246e-09
6.9953096879e+03    2.1346282533e-09
6.9953397773e+03    2.1278366051e-09
6.9953698667e+03    2.1210773721e-09
6.9953999560e+03    2.1143503480e-09
6.9954300454e+03    2.1076553283e-09
6.9954601347e+03    2.1009921097e-09
6.9954902240e+03    2.0943604911e-09
6.9955203134e+03    2.0877602725e-09
6.9955504028e+03    2.0811912557e-09
6.9955804921e+03    2.0746532442e-09
6.9956105814e+03    2.0681460426e-09
6.9956406708e+03    2.0616694576e-09
6.9956707602e+03    2.0552232969e-09
6.9957008495e+03    2.0488073702e-09
6.9957309388e+03    2.0424214882e-09
6.9957610282e+03    2.0360654634e-09
6.9957911176e+03    2.0297391097e-09
6.9958212069e+03    2.0234422425e-09
6.9958512962e+03    2.0171746784e-09
6.9958813856e+03    2.0109362357e-09
6.9959114749e+03    2.0047267339e-09
6.9959415643e+03    1.9985459942e-09
6.9959716537e+03    1.9923938388e-09
6.9960017430e+03    1.9862700914e-09
6.9960318323e+03    1.9801745773e-09
6.9960619217e+03    1.9741071229e-09
6.9960920111e+03    1.9680675558e-09
6.9961221004e+03    1.9620557054e-09
6.9961521897e+03    1.9560714019e-09
6.9961822791e+03    1.9501144771e-09
6.9962123685e+03    1.9441847639e-09
6.9962424578e+03    1.9382820968e-09
6.9962725471e+03    1.9324063111e-09
6.9963026365e+03    1.9265572437e-09
6.9963327259e+03    1.9207347325e-09
6.9963628152e+03    1.9149386169e-09
6.9963929045e+03    1.9091687374e-09
6.9964229939e+03    1.9034249355e-09
6.9964530832e+03    1.8977070541e-09
6.9964831726e+03    1.8920149373e-09
6.9965132620e+03    1.8863484303e-09
6.9965433513e+03    1.8807073796e-09
6.9965734406e+03    1.8750916325e-09
6.9966035300e+03    1.8695010379e-09
6.9966336194e+03    1.8639354454e-09
6.9966637087e+03    1.8583947061e-09
6.9966937980e+03    1.8528786720e-09
6.9967238874e+03    1.8473871962e-09
6.9967539768e+03    1.8419201329e-09
6.9967840661e+03    1.8364773375e-09
6.9968141554e+03    1.8310586663e-09
6.9968442448e+03    1.8256639768e-09
6.9968743342e+03    1.8202931275e-09
6.9969044235e+03    1.8149459779e-09
6.9969345128e+03    1.8096223886e-09
6.9969646022e+03    1.8043222212e-09
6.9969946915e+03    1.7990453383e-09
6.9970247809e+03    1.7937916036e-09
6.9970548703e+03    1.7885608816e-09
6.9970849596e+03    1.7833530380e-09
6.9971150489e+03    1.7781679394e-09
6.9971451383e+03    1.7730054533e-09
6.9971752277e+03    1.7678654483e-09
6.9972053170e+03    1.7627477938e-09
6.9972354063e+03    1.7576523603e-09
6.9972654957e+03    1.7525790192e-09
6.9972955851e+03    1.7475276427e-09
6.9973256744e+03    1.7424981041e-09
6.9973557637e+03    1.7374902775e-09
6.9973858531e+03    1.7325040379e-09
6.9974159425e+03    1.7275392613e-09
6.9974460318e+03    1.7225958246e-09
6.9974761211e+03    1.7176736054e-09
6.9975062105e+03    1.7127724824e-09
6.9975362998e+03    1.7078923350e-09
6.9975663892e+03    1.7030330435e-09
6.9975964786e+03    1.6981944890e-09
6.9976265679e+03    1.6933765538e-09
6.9976566572e+03    1.6885791204e-09
6.9976867466e+03    1.6838020728e-09
6.9977168360e+03    1.6790452953e-09
6.9977469253e+03    1.6743086734e-09
6.9977770146e+03    1.6695920932e-09
6.9978071040e+03    1.6648954415e-09
6.9978371934e+03    1.6602186062e-09
6.9978672827e+03    1.6555614758e-09
6.9978973720e+03    1.6509239396e-09
6.9979274614e+03    1.6463058878e-09
6.9979575508e+03    1.6417072111e-09
6.9979876401e+03    1.6371278012e-09
6.9980177294e+03    1.6325675505e-09
6.9980478188e+03    1.6280263522e-09
6.9980779081e+03    1.6235041001e-09
6.9981079975e+03    1.6190006888e-09
6.9981380869e+03    1.6145160137e-09
6.9981681762e+03    1.6100499709e-09
6.9981982655e+03    1.6056024572e-09
6.9982283549e+03    1.6011733700e-09
6.9982584443e+03    1.5967626077e-09
6.9982885336e+03    1.5805465541e-09
6.9983186229e+03    1.5762005097e-09
6.9983487123e+03    1.5718723870e-09
6.9983788017e+03    1.5675620875e-09
6.9984088910e+03    1.5632695134e-09
6.9984389803e+03    1.5589945674e-09
6.9984690697e+03    1.5547371532e-09
6.9984991591e+03    1.5504971748e-09
6.9985292484e+03    1.5462745371e-09
6.9985593377e+03    1.5420691456e-09
6.9985894271e+03    1.5378809063e-09
6.9986195164e+03    1.5337097260e-09
6.9986496058e+03    1.5295555121e-09
6.9986796952e+03    1.5254181726e-09
6.9987097845e+03    1.5212976162e-09
6.9987398738e+03    1.5171937520e-09
6.9987699632e+03    1.5131064899e-09
6.9988000526e+03    1.5090357405e-09
6.9988301419e+03    1.5049814148e-09
6.9988602312e+03    1.5009434244e-09
6.9988903206e+03    1.4969216817e-09
6.9989204100e+03    1.4929160995e-09
6.9989504993e+03    1.4889265912e-09
6.9989805886e+03    1.4849530708e-09
6.9990106780e+03    1.4809954530e-09
6.9990407674e+03    1.4770536529e-09
6.9990708567e+03    1.4664813337e-09
6.9991009460e+03    1.4625868726e-09
6.9991310354e+03    1.4497116750e-09
6.9991611247e+03    1.4251801397e-09
6.9991912141e+03    1.4214031099e-09
6.9992213035e+03    1.4176410884e-09
6.9992513928e+03    1.4138939956e-09
6.9992814821e+03    1.4101617526e-09
6.9993115715e+03    1.4064442811e-09
6.9993416609e+03    1.3973075405e-09
6.9993717502e+03    1.3936324249e-09
6.9994018395e+03    1.3899718016e-09
6.9994319289e+03    1.3863255943e-09
6.9994620183e+03    1.3726711957e-09
6.9994921076e+03    1.3543098229e-09
6.9995221969e+03    1.3390618897e-09
6.9995522863e+03    1.3236652326e-09
6.9995823757e+03    1.3202054911e-09
6.9996124650e+03    1.3136641558e-09
6.9996425543e+03    1.3102388834e-09
6.9996726437e+03    1.3068269981e-09
6.9997027330e+03    1.2966983124e-09
6.9997328224e+03    1.2933291509e-09
6.9997629118e+03    1.2899731108e-09
6.9997930011e+03    1.2866301239e-09
6.9998230904e+03    1.2833001227e-09
6.9998531798e+03    1.2799830399e-09
6.9998832692e+03    1.2766788088e-09
6.9999133585e+03    1.2579191465e-09
6.9999434478e+03    1.2546775255e-09
6.9999735372e+03    1.2460327794e-09
7.0000036266e+03    1.2428291260e-09
7.0000337159e+03    1.2396378180e-09
7.0000638052e+03    1.2155049458e-09
7.0000938946e+03    1.2123884413e-09
7.0001239840e+03    1.2092839124e-09
7.0001540733e+03    1.2061912978e-09
7.0001841626e+03    1.2031105367e-09
7.0002142520e+03    1.1970122901e-09
7.0002443413e+03    1.1901662838e-09
7.0002744307e+03    1.1871370743e-09
7.0003045201e+03    1.1841194197e-09
7.0003346094e+03    1.1811132613e-09
7.0003646987e+03    1.1781185407e-09
7.0003947881e+03    1.1461835455e-09
7.0004248775e+03    1.1432809757e-09
7.0004549668e+03    1.1403894213e-09
7.0004850561e+03    1.1375088268e-09
7.0005151455e+03    1.1346391367e-09
7.0005452349e+03    1.1317802960e-09
7.0005753242e+03    1.1289322501e-09
7.0006054135e+03    1.1105925467e-09
7.0006355029e+03    1.0735204389e-09
7.0006655923e+03    1.0708238053e-09
7.0006956816e+03    1.0681373225e-09
7.0007257709e+03    1.0654609396e-09
7.0007558603e+03    1.0444500448e-09
7.0007859496e+03    1.0242840292e-09
7.0008160390e+03    1.0217236681e-09
7.0008461284e+03    1.0191728972e-09
7.0008762177e+03    1.0166316688e-09
7.0009063070e+03    1.0140999352e-09
7.0009363964e+03    9.4242665550e-10
7.0009664858e+03    9.2683240679e-10
7.0009965751e+03    8.8357619140e-10
7.0010266644e+03    8.8137673967e-10
7.0010567538e+03    8.7918549118e-10
7.0010868432e+03    8.7700240518e-10
7.0011169325e+03    8.6077103259e-10
7.0011470218e+03    8.4577597318e-10
7.0011771112e+03    8.2596549639e-10
7.0012072006e+03    7.9654899155e-10
7.0012372899e+03    7.9457815800e-10
7.0012673792e+03    7.9261463022e-10
7.0012974686e+03    7.8600081504e-10
7.0013275579e+03    7.8062239695e-10
7.0013576473e+03    7.7869996484e-10
7.0013877367e+03    7.0179991774e-10
7.0014178260e+03    6.6603722617e-10
7.0014479153e+03    6.2286593902e-10
7.0014780047e+03    6.2133142538e-10
7.0015080941e+03    6.1980257529e-10
7.0015381834e+03    6.1827936092e-10
7.0015682727e+03    6.0816805521e-10
7.0015983621e+03    5.8290378065e-10
7.0016284515e+03    5.7535272387e-10
7.0016585408e+03    5.2699618190e-10
7.0016886301e+03    5.0097051462e-10
7.0017187195e+03    4.9258062948e-10
7.0017488089e+03    4.9137538544e-10
7.0017788982e+03    4.3923168513e-10
7.0018089875e+03    4.3815750002e-10
7.0018390769e+03    4.0188734920e-10
7.0018691662e+03    3.8333252425e-10
7.0018992556e+03    3.4233641526e-10
7.0019293450e+03    3.4149990660e-10
7.0019594343e+03    3.4066645977e-10
7.0019895236e+03    3.1135139679e-10
7.0020196130e+03    3.1059240554e-10
7.0020497024e+03    3.0983618577e-10
7.0020797917e+03    2.6341336680e-10
7.0021098810e+03    2.6277222972e-10
7.0021399704e+03    2.5632361933e-10
7.0021700598e+03    2.3749370264e-10
7.0022001491e+03    2.3691714458e-10
7.0022302384e+03    2.3634268310e-10
7.0022603278e+03    2.3577030805e-10
7.0022904172e+03    2.3520000935e-10
7.0023205065e+03    2.3463177695e-10
7.0023505958e+03    2.1278383438e-10
7.0023806852e+03    1.4606181854e-10
7.0024107745e+03    1.4570947883e-10
7.0024408639e+03    1.2212510664e-10
7.0024709533e+03    6.5046066485e-11
7.0025010426e+03    5.9293685100e-11
7.0025311319e+03    5.3063920778e-11
7.0025612213e+03    3.6600151488e-11
7.0025913107e+03    1.2946294768e-11
