6.9422344000e+03    3.9189116708e-11
6.9422648331e+03    3.9284643066e-11
6.9422952662e+03    3.9380519057e-11
6.9423256993e+03    3.9476746387e-11
6.9423561324e+03    3.9573326775e-11
6.9423865655e+03    3.9670261949e-11
6.9424169986e+03    3.9767553651e-11
6.9424474317e+03    3.9865203629e-11
6.9424778648e+03    3.9963213644e-11
6.9425082979e+03    4.0061585469e-11
6.9425387310e+03    4.0160320886e-11
6.9425691641e+03    4.0259421688e-11
6.9425995972e+03    4.0358889681e-11
6.9426300303e+03    4.0458726680e-11
6.9426604634e+03    4.0558934512e-11
6.9426908965e+03    4.0659515016e-11
6.9427213296e+03    4.0760470041e-11
6.9427517627e+03    4.0861801450e-11
6.9427821958e+03    4.0963511114e-11
6.9428126289e+03    4.1065600919e-11
6.9428430620e+03    4.1168072760e-11
6.9428734951e+03    4.1270928547e-11
6.9429039282e+03    4.1374170198e-11
6.9429343613e+03    4.1477799646e-11
6.9429647944e+03    4.1581818836e-11
6.9429952275e+03    4.1686229723e-11
6.9430256606e+03    4.1791034277e-11
6.9430560937e+03    4.1896234478e-11
6.9430865268e+03    4.2001832319e-11
6.9431169599e+03    4.2107829808e-11
6.9431473930e+03    4.2214228963e-11
6.9431778261e+03    4.2321031815e-11
6.9432082592e+03    4.2428240409e-11
6.9432386923e+03    4.2535856802e-11
6.9432691254e+03    4.2643883064e-11
6.9432995585e+03    4.2752321279e-11
6.9433299916e+03    4.2861173545e-11
6.9433604247e+03    4.2970441970e-11
6.9433908578e+03    4.3080128679e-11
6.9434212909e+03    4.3190235808e-11
6.9434517240e+03    4.3300765509e-11
6.9434821571e+03    4.3411719947e-11
6.9435125902e+03    4.3523101299e-11
6.9435430233e+03    4.3634911758e-11
6.9435734564e+03    4.3747153531e-11
6.9436038895e+03    4.3859828839e-11
6.9436343226e+03    4.3972939916e-11
6.9436647557e+03    4.4086489012e-11
6.9436951888e+03    4.4200478391e-11
6.9437256219e+03    4.4314910332e-11
6.9437560550e+03    4.4429787128e-11
6.9437864881e+03    4.4545111087e-11
6.9438169212e+03    4.4660884533e-11
6.9438473543e+03    4.4777109804e-11
6.9438777874e+03    4.4893789254e-11
6.9439082205e+03    4.5010925251e-11
6.9439386536e+03    4.5128520180e-11
6.9439690867e+03    4.5246576441e-11
6.9439995198e+03    4.5365096449e-11
6.9440299529e+03    4.5484082637e-11
6.9440603860e+03    4.5603537451e-11
6.9440908191e+03    4.5723463356e-11
6.9441212522e+03    4.5843862830e-11
6.9441516853e+03    4.5964738371e-11
6.9441821184e+03    4.6086092489e-11
6.9442125515e+03    4.6207927716e-11
6.9442429846e+03    4.6330246596e-11
6.9442734177e+03    4.6453051692e-11
6.9443038508e+03    4.6576345585e-11
6.9443342839e+03    4.6700130870e-11
6.9443647170e+03    4.6824410162e-11
6.9443951501e+03    4.6949186092e-11
6.9444255832e+03    4.7074461310e-11
6.9444560163e+03    4.7200238482e-11
6.9444864494e+03    4.7326520293e-11
6.9445168825e+03    4.7453309446e-11
6.9445473156e+03    4.7580608660e-11
6.9445777487e+03    4.7708420675e-11
6.9446081818e+03    4.7836748248e-11
6.9446386149e+03    4.7965594156e-11
6.9446690480e+03    4.8094961191e-11
6.9446994811e+03    4.8224852169e-11
6.9447299142e+03    4.8355269921e-11
6.9447603473e+03    4.8486217299e-11
6.9447907804e+03    4.8617697174e-11
6.9448212135e+03    4.8749712436e-11
6.9448516466e+03    4.8882265995e-11
6.9448820797e+03    9.4822315701e-11
6.9449125128e+03    9.5067651292e-11
6.9449429459e+03    9.5313942988e-11
6.9449733790e+03    9.5561195777e-11
6.9450038121e+03    9.5809414681e-11
6.9450342452e+03    9.6058604753e-11
6.9450646783e+03    1.7271320044e-10
6.9450951114e+03    2.3103623009e-10
6.9451255445e+03    2.3161650107e-10
6.9451559776e+03    2.3219896602e-10
6.9451864107e+03    2.3278363604e-10
6.9452168438e+03    2.3337052231e-10
6.9452472769e+03    2.3395963606e-10
6.9452777100e+03    2.3455098861e-10
6.9453081431e+03    2.3514459135e-10
6.9453385762e+03    3.2072831215e-10
6.9453690093e+03    3.2153366510e-10
6.9453994424e+03    3.2234206144e-10
6.9454298755e+03    3.2315351657e-10
6.9454603086e+03    3.2396804597e-10
6.9454907417e+03    3.2478566522e-10
6.9455211748e+03    3.2560639000e-10
6.9455516079e+03    3.2643023611e-10
6.9455820410e+03    3.2725721941e-10
6.9456124741e+03    3.2808735590e-10
6.9456429072e+03    3.2892066167e-10
6.9456733403e+03    3.2975715290e-10
6.9457037734e+03    3.3059684589e-10
6.9457342065e+03    3.3143975704e-10
6.9457646396e+03    3.3228590284e-10
6.9457950727e+03    3.3313529992e-10
6.9458255058e+03    3.3398796498e-10
6.9458559389e+03    3.3484391486e-10
6.9458863720e+03    3.3570316648e-10
6.9459168051e+03    3.3656573690e-10
6.9459472382e+03    3.3743164325e-10
6.9459776713e+03    3.3830090281e-10
6.9460081044e+03    3.3917353296e-10
6.9460385375e+03    3.4004955118e-10
6.9460689706e+03    3.4092897508e-10
6.9460994037e+03    3.4181182237e-10
6.9461298368e+03    3.4269811090e-10
6.9461602699e+03    3.4358785861e-10
6.9461907030e+03    3.4448108357e-10
6.9462211361e+03    3.4537780396e-10
6.9462515692e+03    3.4627803810e-10
6.9462820023e+03    3.4718180441e-10
6.9463124354e+03    3.4808912143e-10
6.9463428685e+03    3.4900000784e-10
6.9463733016e+03    3.4991448243e-10
6.9464037347e+03    3.5083256412e-10
6.9464341678e+03    3.5175427194e-10
6.9464646009e+03    3.5267962508e-10
6.9464950340e+03    3.5360864282e-10
6.9465254671e+03    3.5454134459e-10
6.9465559002e+03    3.5547774994e-10
6.9465863333e+03    3.5641787855e-10
6.9466167664e+03    3.5736175024e-10
6.9466471995e+03    3.5830938496e-10
6.9466776326e+03    3.5926080279e-10
6.9467080657e+03    3.6021602393e-10
6.9467384988e+03    3.6117506876e-10
6.9467689319e+03    3.6213795774e-10
6.9467993650e+03    3.6310471150e-10
6.9468297981e+03    3.6407535081e-10
6.9468602312e+03    3.6504989658e-10
6.9468906643e+03    3.6602836984e-10
6.9469210974e+03    3.6701079179e-10
6.9469515305e+03    3.6799718376e-10
6.9469819636e+03    3.6898756721e-10
6.9470123967e+03    3.6998196378e-10
6.9470428298e+03    3.7098039523e-10
6.9470732629e+03    3.7198288348e-10
6.9471036960e+03    3.7298945059e-10
6.9471341291e+03    3.7400011878e-10
6.9471645622e+03    3.7501491042e-10
6.9471949953e+03    3.7603384803e-10
6.9472254284e+03    3.7705695428e-10
6.9472558615e+03    3.7808425202e-10
6.9472862946e+03    3.7911576422e-10
6.9473167277e+03    3.8015151404e-10
6.9473471608e+03    3.8119152477e-10
6.9473775939e+03    3.8223581990e-10
6.9474080270e+03    3.8328442305e-10
6.9474384601e+03    3.8433735800e-10
6.9474688932e+03    3.8539464873e-10
6.9474993263e+03    3.8645631935e-10
6.9475297594e+03    3.8752239416e-10
6.9475601925e+03    3.8859289762e-10
6.9475906256e+03    3.8966785437e-10
6.9476210587e+03    3.9074728920e-10
6.9476514918e+03    3.9183122709e-10
6.9476819249e+03    3.9291969320e-10
6.9477123580e+03    3.9401271286e-10
6.9477427911e+03    3.9511031157e-10
6.9477732242e+03    3.9621251502e-10
6.9478036573e+03    3.9731934908e-10
6.9478340904e+03    3.9843083980e-10
6.9478645235e+03    3.9954701341e-10
6.9478949566e+03    4.0066789632e-10
6.9479253897e+03    4.0179351516e-10
6.9479558228e+03    4.0292389671e-10
6.9479862559e+03    4.0405906795e-10
6.9480166890e+03    4.0519905607e-10
6.9480471221e+03    4.0634388844e-10
6.9480775552e+03    4.0749359263e-10
6.9481079883e+03    4.0864819639e-10
6.9481384214e+03    4.0980772769e-10
6.9481688545e+03    4.1097221470e-10
6.9481992876e+03    4.1214168577e-10
6.9482297207e+03    4.1331616948e-10
6.9482601538e+03    4.1449569461e-10
6.9482905869e+03    4.1568029012e-10
6.9483210200e+03    4.1686998522e-10
6.9483514531e+03    4.1806480931e-10
6.9483818862e+03    4.1926479200e-10
6.9484123193e+03    4.2046996313e-10
6.9484427524e+03    4.2168035273e-10
6.9484731855e+03    4.2289599108e-10
6.9485036186e+03    4.2411690866e-10
6.9485340517e+03    4.2534313617e-10
6.9485644848e+03    4.2657470456e-10
6.9485949179e+03    4.2781164497e-10
6.9486253510e+03    4.2905398881e-10
6.9486557841e+03    4.3030176767e-10
6.9486862172e+03    4.3155501342e-10
6.9487166503e+03    4.3281375814e-10
6.9487470834e+03    4.3407803415e-10
6.9487775165e+03    4.3534787400e-10
6.9488079496e+03    4.5502389754e-10
6.9488383827e+03    4.5634982680e-10
6.9488688158e+03    4.5768158328e-10
6.9488992489e+03    4.5901920132e-10
6.9489296820e+03    4.6036271551e-10
6.9489601151e+03    4.6171216069e-10
6.9489905482e+03    4.6306757198e-10
6.9490209813e+03    4.6442898475e-10
6.9490514144e+03    4.6579643463e-10
6.9490818475e+03    4.6716995751e-10
6.9491122806e+03    4.6854958957e-10
6.9491427137e+03    4.6993536724e-10
6.9491731468e+03    4.7132732724e-10
6.9492035799e+03    4.7272550655e-10
6.9492340130e+03    4.7412994243e-10
6.9492644461e+03    4.7554067244e-10
6.9492948792e+03    4.7695773441e-10
6.9493253123e+03    4.7838116644e-10
6.9493557454e+03    4.7981100694e-10
6.9493861785e+03    4.8124729462e-10
6.9494166116e+03    4.8269006845e-10
6.9494470447e+03    4.9663308754e-10
6.9494774778e+03    5.1314404673e-10
6.9495079109e+03    5.1467374078e-10
6.9495383440e+03    5.2186351917e-10
6.9495687771e+03    5.2771246110e-10
6.9495992102e+03    5.5279322178e-10
6.9496296433e+03    5.6368361975e-10
6.9496600764e+03    5.6535277669e-10
6.9496905095e+03    5.6702942031e-10
6.9497209426e+03    5.6871359583e-10
6.9497513757e+03    5.7040534877e-10
6.9497818088e+03    5.7210472503e-10
6.9498122419e+03    5.8217127550e-10
6.9498426750e+03    5.9287247876e-10
6.9498731081e+03    6.0763423392e-10
6.9499035412e+03    6.0943877788e-10
6.9499339743e+03    6.1125145208e-10
6.9499644074e+03    6.1307230589e-10
6.9499948405e+03    6.1490138906e-10
6.9500252736e+03    6.1673875173e-10
6.9500557067e+03    6.1858444443e-10
6.9500861398e+03    6.2043851808e-10
6.9501165729e+03    6.2230102397e-10
6.9501470060e+03    6.3805546785e-10
6.9501774391e+03    6.4915829882e-10
6.9502078722e+03    6.5110280390e-10
6.9502383053e+03    6.5305615710e-10
6.9502687384e+03    6.5501841275e-10
6.9502991715e+03    6.6089806792e-10
6.9503296046e+03    6.6288782643e-10
6.9503600377e+03    6.6743257809e-10
6.9503904708e+03    6.6944680537e-10
6.9504209039e+03    6.7147027118e-10
6.9504513370e+03    6.7350303275e-10
6.9504817701e+03    6.7554514772e-10
6.9505122032e+03    6.9106858279e-10
6.9505426363e+03    7.1031495765e-10
6.9505730694e+03    7.1246030171e-10
6.9506035025e+03    7.1461550857e-10
6.9506339356e+03    7.1678063955e-10
6.9506643687e+03    7.1895575643e-10
6.9506948018e+03    7.2114092151e-10
6.9507252349e+03    7.2333619754e-10
6.9507556680e+03    7.7590807839e-10
6.9507861011e+03    7.7824656513e-10
6.9508165342e+03    8.1193774707e-10
6.9508469673e+03    8.1437425519e-10
6.9508774004e+03    8.1682192965e-10
6.9509078335e+03    8.1928083987e-10
6.9509382666e+03    8.2175105581e-10
6.9509686997e+03    8.2423264801e-10
6.9509991328e+03    8.2672568753e-10
6.9510295659e+03    8.4986433087e-10
6.9510599990e+03    8.6390251606e-10
6.9510904321e+03    8.9013229803e-10
6.9511208652e+03    9.2287497187e-10
6.9511512983e+03    9.2563656226e-10
6.9511817314e+03    9.7158864916e-10
6.9512121645e+03    9.7448096921e-10
6.9512425976e+03    9.7738649054e-10
6.9512730307e+03    1.0069037926e-09
6.9513034638e+03    1.0099008188e-09
6.9513338969e+03    1.0366516816e-09
6.9513643300e+03    1.0397340874e-09
6.9513947631e+03    1.0524532580e-09
6.9514251962e+03    1.0555873532e-09
6.9514556293e+03    1.0746905346e-09
6.9514860624e+03    1.0970130466e-09
6.9515164955e+03    1.1002760885e-09
6.9515469286e+03    1.1035540466e-09
6.9515773617e+03    1.1068470142e-09
6.9516077948e+03    1.1815300738e-09
6.9516382279e+03    1.2047937334e-09
6.9516686610e+03    1.2121728711e-09
6.9516990941e+03    1.2557094057e-09
6.9517295272e+03    1.2594102387e-09
6.9517599603e+03    1.2631278724e-09
6.9517903934e+03    1.2929545817e-09
6.9518208265e+03    1.3550580528e-09
6.9518512596e+03    1.3590328099e-09
6.9518816927e+03    1.3630255456e-09
6.9519121258e+03    1.3670363714e-09
6.9519425589e+03    1.3939241709e-09
6.9519729920e+03    1.4702339592e-09
6.9520034251e+03    1.4807150921e-09
6.9520338582e+03    1.4850473412e-09
6.9520642913e+03    1.5206188626e-09
6.9520947244e+03    1.5695376777e-09
6.9521251575e+03    1.5741139018e-09
6.9521555906e+03    1.5979840357e-09
6.9521860237e+03    1.6622810614e-09
6.9522164568e+03    1.6671120803e-09
6.9522468899e+03    1.6719648054e-09
6.9522773230e+03    1.6768393710e-09
6.9523077561e+03    1.7284230772e-09
6.9523381892e+03    1.7334556096e-09
6.9523686223e+03    1.7735693956e-09
6.9523990554e+03    1.7787328661e-09
6.9524294885e+03    1.8302562769e-09
6.9524599216e+03    1.8355794235e-09
6.9524903547e+03    1.8409265355e-09
6.9525207878e+03    1.8462977618e-09
6.9525512209e+03    1.8516932523e-09
6.9525816540e+03    1.8571131582e-09
6.9526120871e+03    1.8769463399e-09
6.9526425202e+03    1.8866349742e-09
6.9526729533e+03    1.9103836416e-09
6.9527033864e+03    1.9633134145e-09
6.9527338195e+03    1.9690634374e-09
6.9527642526e+03    1.9748395626e-09
6.9527946857e+03    1.9852300347e-09
6.9528251188e+03    1.9910700441e-09
6.9528555519e+03    2.0211658006e-09
6.9528859850e+03    2.0585429669e-09
6.9529164181e+03    2.0755177385e-09
6.9529468512e+03    2.1039502455e-09
6.9529772843e+03    2.1107813705e-09
6.9530077174e+03    2.1410293424e-09
6.9530381505e+03    2.1830302029e-09
6.9530685836e+03    2.2140586513e-09
6.9530990167e+03    2.2233514541e-09
6.9531294498e+03    2.2429887169e-09
6.9531598829e+03    2.2496025253e-09
6.9531903160e+03    2.2562466326e-09
6.9532207491e+03    2.2629212311e-09
6.9532511822e+03    2.2696265146e-09
6.9532816153e+03    2.2763626786e-09
6.9533120484e+03    2.2831299201e-09
6.9533424815e+03    2.2899284379e-09
6.9533729146e+03    2.2967584321e-09
6.9534033477e+03    2.3036201049e-09
6.9534337808e+03    2.3105136600e-09
6.9534642139e+03    2.3174393026e-09
6.9534946470e+03    2.3243972400e-09
6.9535250801e+03    2.3313876811e-09
6.9535555132e+03    2.3384108363e-09
6.9535859463e+03    2.3454669182e-09
6.9536163794e+03    2.3525561408e-09
6.9536468125e+03    2.3596787203e-09
6.9536772456e+03    2.3668348744e-09
6.9537076787e+03    2.3740248228e-09
6.9537381118e+03    2.3812487870e-09
6.9537685449e+03    2.3885069907e-09
6.9537989780e+03    2.3957996590e-09
6.9538294111e+03    2.4031270193e-09
6.9538598442e+03    2.4104893008e-09
6.9538902773e+03    2.4178867348e-09
6.9539207104e+03    2.4253195545e-09
6.9539511435e+03    2.4327879951e-09
6.9539815766e+03    2.4402922939e-09
6.9540120097e+03    2.4478326902e-09
6.9540424428e+03    2.4554094255e-09
6.9540728759e+03    2.4630227433e-09
6.9541033090e+03    2.4706728892e-09
6.9541337421e+03    2.4783601111e-09
6.9541641752e+03    2.4860846589e-09
6.9541946083e+03    2.4938467848e-09
6.9542250414e+03    2.5016467433e-09
6.9542554745e+03    2.5094847909e-09
6.9542859076e+03    2.5173611867e-09
6.9543163407e+03    2.5252761918e-09
6.9543467738e+03    2.5332300699e-09
6.9543772069e+03    2.5412230868e-09
6.9544076400e+03    2.5492555107e-09
6.9544380731e+03    2.5573276125e-09
6.9544685062e+03    2.5654396652e-09
6.9544989393e+03    2.5735919443e-09
6.9545293724e+03    2.5817847280e-09
6.9545598055e+03    2.5900182968e-09
6.9545902386e+03    2.5982929338e-09
6.9546206717e+03    2.6066089247e-09
6.9546511048e+03    2.6149665578e-09
6.9546815379e+03    2.6233661240e-09
6.9547119710e+03    2.6318079169e-09
6.9547424041e+03    2.6402922327e-09
6.9547728372e+03    2.6488193705e-09
6.9548032703e+03    2.6573896319e-09
6.9548337034e+03    2.6660033215e-09
6.9548641365e+03    2.6746607466e-09
6.9548945696e+03    2.6833622174e-09
6.9549250027e+03    2.6921080469e-09
6.9549554358e+03    2.7008985512e-09
6.9549858689e+03    2.7097340492e-09
6.9550163020e+03    2.7186148628e-09
6.9550467351e+03    2.7275413169e-09
6.9550771682e+03    2.7365137395e-09
6.9551076013e+03    2.7455324618e-09
6.9551380344e+03    2.7545978178e-09
6.9551684675e+03    2.7637101451e-09
6.9551989006e+03    2.7728697840e-09
6.9552293337e+03    2.7820770786e-09
6.9552597668e+03    2.7913323758e-09
6.9552901999e+03    2.8006360261e-09
6.9553206330e+03    2.8099883833e-09
6.9553510661e+03    2.8193898045e-09
6.9553814992e+03    2.8288406503e-09
6.9554119323e+03    2.8383412848e-09
6.9554423654e+03    2.8478920757e-09
6.9554727985e+03    2.8574933940e-09
6.9555032316e+03    2.8671456147e-09
6.9555336647e+03    2.8768491161e-09
6.9555640978e+03    2.8866042805e-09
6.9555945309e+03    2.8964114936e-09
6.9556249640e+03    2.9062711451e-09
6.9556553971e+03    2.9161836287e-09
6.9556858302e+03    2.9261493416e-09
6.9557162633e+03    2.9361686852e-09
6.9557466964e+03    2.9462420649e-09
6.9557771295e+03    2.9563698899e-09
6.9558075626e+03    2.9665525737e-09
6.9558379957e+03    2.9767905340e-09
6.9558684288e+03    2.9870841923e-09
6.9558988619e+03    2.9974339748e-09
6.9559292950e+03    3.0078403116e-09
6.9559597281e+03    3.0183036375e-09
6.9559901612e+03    3.0288243914e-09
6.9560205943e+03    3.0394030169e-09
6.9560510274e+03    3.0500399620e-09
6.9560814605e+03    3.0607356792e-09
6.9561118936e+03    3.0714906257e-09
6.9561423267e+03    3.0823052635e-09
6.9561727598e+03    3.0931800592e-09
6.9562031929e+03    3.1041154842e-09
6.9562336260e+03    3.1151120151e-09
6.9562640591e+03    3.1261701329e-09
6.9562944922e+03    3.1372903240e-09
6.9563249253e+03    3.1484730799e-09
6.9563553584e+03    3.1597188969e-09
6.9563857915e+03    3.1710282769e-09
6.9564162246e+03    3.1824017267e-09
6.9564466577e+03    3.1938397588e-09
6.9564770908e+03    3.2053428908e-09
6.9565075239e+03    3.2169116461e-09
6.9565379570e+03    3.2285465533e-09
6.9565683901e+03    3.2402481471e-09
6.9565988232e+03    3.2520169674e-09
6.9566292563e+03    3.2638535603e-09
6.9566596894e+03    3.2757584775e-09
6.9566901225e+03    3.2877322768e-09
6.9567205556e+03    3.2997755220e-09
6.9567509887e+03    3.3118887830e-09
6.9567814218e+03    3.3240726359e-09
6.9568118549e+03    3.3363276630e-09
6.9568422880e+03    3.3486544532e-09
6.9568727211e+03    3.3610536015e-09
6.9569031542e+03    3.3735257098e-09
6.9569335873e+03    3.3860713864e-09
6.9569640204e+03    3.3986912464e-09
6.9569944535e+03    3.4113859118e-09
6.9570248866e+03    3.4241560113e-09
6.9570553197e+03    3.4370021810e-09
6.9570857528e+03    3.4499250637e-09
6.9571161859e+03    3.4629253097e-09
6.9571466190e+03    3.4760035764e-09
6.9571770521e+03    3.4891605289e-09
6.9572074852e+03    3.5023968395e-09
6.9572379183e+03    3.5157131885e-09
6.9572683514e+03    3.5291102636e-09
6.9572987845e+03    3.5425887606e-09
6.9573292176e+03    3.5561493832e-09
6.9573596507e+03    3.5697928432e-09
6.9573900838e+03    3.5835198605e-09
6.9574205169e+03    3.5973311635e-09
6.9574509500e+03    3.6112274889e-09
6.9574813831e+03    3.6252095821e-09
6.9575118162e+03    3.6392781972e-09
6.9575422493e+03    3.6534340970e-09
6.9575726824e+03    3.6676780533e-09
6.9576031155e+03    3.6820108471e-09
6.9576335486e+03    3.6964332686e-09
6.9576639817e+03    3.7109461174e-09
6.9576944148e+03    3.7255502023e-09
6.9577248479e+03    3.7402463423e-09
6.9577552810e+03    3.7550353657e-09
6.9577857141e+03    3.7699181110e-09
6.9578161472e+03    3.7848954269e-09
6.9578465803e+03    3.7999681720e-09
6.9578770134e+03    3.8151372157e-09
6.9579074465e+03    3.8304034378e-09
6.9579378796e+03    3.8457677289e-09
6.9579683127e+03    3.8612309903e-09
6.9579987458e+03    3.8767941347e-09
6.9580291789e+03    3.8924580858e-09
6.9580596120e+03    3.9082237788e-09
6.9580900451e+03    3.9240921607e-09
6.9581204782e+03    3.9400641899e-09
6.9581509113e+03    3.9561408371e-09
6.9581813444e+03    3.9723230851e-09
6.9582117775e+03    3.9886119289e-09
6.9582422106e+03    4.0050083763e-09
6.9582726437e+03    4.0215134478e-09
6.9583030768e+03    4.0381281767e-09
6.9583335099e+03    4.0548536096e-09
6.9583639430e+03    4.0716908066e-09
6.9583943761e+03    4.0886408412e-09
6.9584248092e+03    4.1057048010e-09
6.9584552423e+03    4.1228837873e-09
6.9584856754e+03    4.1401789160e-09
6.9585161085e+03    4.1575913175e-09
6.9585465416e+03    4.1751221369e-09
6.9585769747e+03    4.1927725342e-09
6.9586074078e+03    4.2105436849e-09
6.9586378409e+03    4.2284367799e-09
6.9586682740e+03    4.2464530259e-09
6.9586987071e+03    4.2645936457e-09
6.9587291402e+03    4.2828598785e-09
6.9587595733e+03    4.3012529799e-09
6.9587900064e+03    4.3197742225e-09
6.9588204395e+03    4.3384248962e-09
6.9588508726e+03    4.3572063083e-09
6.9588813057e+03    4.3761197837e-09
6.9589117388e+03    4.3951666657e-09
6.9589421719e+03    4.4143483158e-09
6.9589726050e+03    4.4336661143e-09
6.9590030381e+03    4.4531214606e-09
6.9590334712e+03    4.4727157735e-09
6.9590639043e+03    4.4924504915e-09
6.9590943374e+03    4.5123270731e-09
6.9591247705e+03    4.5323469975e-09
6.9591552036e+03    4.5525117645e-09
6.9591856367e+03    4.5728228952e-09
6.9592160698e+03    4.5932819323e-09
6.9592465029e+03    4.6138904405e-09
6.9592769360e+03    4.6346500066e-09
6.9593073691e+03    4.6555622406e-09
6.9593378022e+03    4.6766287754e-09
6.9593682353e+03    4.6978512677e-09
6.9593986684e+03    4.7192313982e-09
6.9594291015e+03    4.7407708722e-09
6.9594595346e+03    4.7624714198e-09
6.9594899677e+03    4.7843347967e-09
6.9595204008e+03    4.8063627844e-09
6.9595508339e+03    4.8285571912e-09
6.9595812670e+03    4.8509198517e-09
6.9596117001e+03    4.8734526285e-09
6.9596421332e+03    4.8961574119e-09
6.9596725663e+03    4.9190361207e-09
6.9597029994e+03    4.9420907029e-09
6.9597334325e+03    4.9653231359e-09
6.9597638656e+03    4.9887354275e-09
6.9597942987e+03    5.0123296163e-09
6.9598247318e+03    5.0361077720e-09
6.9598551649e+03    5.0600719968e-09
6.9598855980e+03    5.0842244251e-09
6.9599160311e+03    5.1085672250e-09
6.9599464642e+03    5.1331025982e-09
6.9599768973e+03    5.1578327814e-09
6.9600073304e+03    5.1827600465e-09
6.9600377635e+03    5.2078867015e-09
6.9600681966e+03    5.2332150912e-09
6.9600986297e+03    5.2587475981e-09
6.9601290628e+03    5.2844866429e-09
6.9601594959e+03    5.3104346855e-09
6.9601899290e+03    5.3365942258e-09
6.9602203621e+03    5.3629678046e-09
6.9602507952e+03    5.3895580041e-09
6.9602812283e+03    5.4163674493e-09
6.9603116614e+03    5.4433988083e-09
6.9603420945e+03    5.4706547941e-09
6.9603725276e+03    5.4981381645e-09
6.9604029607e+03    5.5258517238e-09
6.9604333938e+03    5.5537983236e-09
6.9604638269e+03    5.5819808639e-09
6.9604942600e+03    5.6104022940e-09
6.9605246931e+03    5.6390656135e-09
6.9605551262e+03    5.6679738739e-09
6.9605855593e+03    5.6971301791e-09
6.9606159924e+03    5.7265376872e-09
6.9606464255e+03    5.7561996111e-09
6.9606768586e+03    5.7861192202e-09
6.9607072917e+03    5.8162998416e-09
6.9607377248e+03    5.8467448612e-09
6.9607681579e+03    5.8774577251e-09
6.9607985910e+03    5.9084419412e-09
6.9608290241e+03    5.9397010806e-09
6.9608594572e+03    5.9712387785e-09
6.9608898903e+03    6.0030587367e-09
6.9609203234e+03    6.0351647243e-09
6.9609507565e+03    6.0675605795e-09
6.9609811896e+03    6.1002502117e-09
6.9610116227e+03    6.1332376024e-09
6.9610420558e+03    6.1665268078e-09
6.9610724889e+03    6.2001219598e-09
6.9611029220e+03    6.2340272684e-09
6.9611333551e+03    6.2682470233e-09
6.9611637882e+03    6.3027855960e-09
6.9611942213e+03    6.3376474418e-09
6.9612246544e+03    6.3728371018e-09
6.9612550875e+03    6.4083592052e-09
6.9612855206e+03    6.4442184710e-09
6.9613159537e+03    6.4804197112e-09
6.9613463868e+03    6.5169678323e-09
6.9613768199e+03    6.5538678379e-09
6.9614072530e+03    6.5911248316e-09
6.9614376861e+03    6.6287440192e-09
6.9614681192e+03    6.6667307111e-09
6.9614985523e+03    6.7050903260e-09
6.9615289854e+03    6.7438283924e-09
6.9615594185e+03    6.7829505528e-09
6.9615898516e+03    6.8224625657e-09
6.9616202847e+03    6.8623703093e-09
6.9616507178e+03    6.9026797846e-09
6.9616811509e+03    6.9433971185e-09
6.9617115840e+03    6.9845285674e-09
6.9617420171e+03    7.0260805208e-09
6.9617724502e+03    7.0680595050e-09
6.9618028833e+03    7.1104721864e-09
6.9618333164e+03    7.1533253761e-09
6.9618637495e+03    7.1966260336e-09
6.9618941826e+03    7.2403812708e-09
6.9619246157e+03    7.2845983568e-09
6.9619550488e+03    7.3292847221e-09
6.9619854819e+03    7.3744479630e-09
6.9620159150e+03    7.4200958470e-09
6.9620463481e+03    7.4662363174e-09
6.9620767812e+03    7.5128774984e-09
6.9621072143e+03    7.5600277006e-09
6.9621376474e+03    7.6076954266e-09
6.9621680805e+03    7.6558893764e-09
6.9621985136e+03    7.7046184537e-09
6.9622289467e+03    7.7538917719e-09
6.9622593798e+03    7.8037186607e-09
6.9622898129e+03    7.8541086723e-09
6.9623202460e+03    7.9050715887e-09
6.9623506791e+03    7.9566174287e-09
6.9623811122e+03    8.0087564554e-09
6.9624115453e+03    8.0614991835e-09
6.9624419784e+03    8.1148563879e-09
6.9624724115e+03    8.1688391117e-09
6.9625028446e+03    8.2234586750e-09
6.9625332777e+03    8.2787266834e-09
6.9625637108e+03    8.3346550379e-09
6.9625941439e+03    8.3912559447e-09
6.9626245770e+03    8.4485419244e-09
6.9626550101e+03    8.5065258237e-09
6.9626854432e+03    8.5652208255e-09
6.9627158763e+03    8.6246404605e-09
6.9627463094e+03    8.6847986194e-09
6.9627767425e+03    8.7457095647e-09
6.9628071756e+03    8.8073879441e-09
6.9628376087e+03    8.8698488036e-09
6.9628680418e+03    8.9331076016e-09
6.9628984749e+03    8.9971802235e-09
6.9629289080e+03    9.0620829969e-09
6.9629593411e+03    9.1278327077e-09
6.9629897742e+03    9.1944466163e-09
6.9630202073e+03    9.2619424753e-09
6.9630506404e+03    9.3303385473e-09
6.9630810735e+03    9.3996536241e-09
6.9631115066e+03    9.4699070462e-09
6.9631419397e+03    9.5411187237e-09
6.9631723728e+03    9.6133091576e-09
6.9632028059e+03    9.6864994628e-09
6.9632332390e+03    9.7607113916e-09
6.9632636721e+03    9.8359673581e-09
6.9632941052e+03    9.9122904648e-09
6.9633245383e+03    9.9897045295e-09
6.9633549714e+03    1.0068234114e-08
6.9633854045e+03    1.0147904552e-08
6.9634158376e+03    1.0228741985e-08
6.9634462707e+03    1.0310773390e-08
6.9634767038e+03    1.0394026618e-08
6.9635071369e+03    1.0478530426e-08
6.9635375700e+03    1.0564314521e-08
6.9635680031e+03    1.0651409593e-08
6.9635984362e+03    1.0739847363e-08
6.9636288693e+03    1.0829660624e-08
6.9636593024e+03    1.0920883288e-08
6.9636897355e+03    1.1013550434e-08
6.9637201686e+03    1.1107698363e-08
6.9637506017e+03    1.1203364647e-08
6.9637810348e+03    1.1300588190e-08
6.9638114679e+03    1.1399409288e-08
6.9638419010e+03    1.1499869690e-08
6.9638723341e+03    1.1602012667e-08
6.9639027672e+03    1.1705883083e-08
6.9639332003e+03    1.1811527468e-08
6.9639636334e+03    1.1918994099e-08
6.9639940665e+03    1.2028333079e-08
6.9640244996e+03    1.2139596432e-08
6.9640549327e+03    1.2252838191e-08
6.9640853658e+03    1.2368114497e-08
6.9641157989e+03    1.2485483705e-08
6.9641462320e+03    1.2605006495e-08
6.9641766651e+03    1.2726745988e-08
6.9642070982e+03    1.2850767870e-08
6.9642375313e+03    1.2977140524e-08
6.9642679644e+03    1.3105935172e-08
6.9642983975e+03    1.3237226022e-08
6.9643288306e+03    1.3371090422e-08
6.9643592637e+03    1.3507609037e-08
6.9643896968e+03    1.3646866019e-08
6.9644201299e+03    1.3788949198e-08
6.9644505630e+03    1.3933950290e-08
6.9644809961e+03    1.4081965103e-08
6.9645114292e+03    1.4233093776e-08
6.9645418623e+03    1.4387441014e-08
6.9645722954e+03    1.4545116356e-08
6.9646027285e+03    1.4706234449e-08
6.9646331616e+03    1.4870915347e-08
6.9646635947e+03    1.5039284827e-08
6.9646940278e+03    1.5211474729e-08
6.9647244609e+03    1.5387623321e-08
6.9647548940e+03    1.5567875681e-08
6.9647853271e+03    1.5752384119e-08
6.9648157602e+03    1.5941308618e-08
6.9648461933e+03    1.6134817315e-08
6.9648766264e+03    1.6333087006e-08
6.9649070595e+03    1.6536303702e-08
6.9649374926e+03    1.6744663212e-08
6.9649679257e+03    1.6958371780e-08
6.9649983588e+03    1.7177646759e-08
6.9650287919e+03    1.7402717347e-08
6.9650592250e+03    1.7633825367e-08
6.9650896581e+03    1.7871226117e-08
6.9651200912e+03    1.8115189274e-08
6.9651505243e+03    1.8365999875e-08
6.9651809574e+03    1.8623959372e-08
6.9652113905e+03    1.8889386768e-08
6.9652418236e+03    1.9162619840e-08
6.9652722567e+03    1.9444016460e-08
6.9653026898e+03    1.9733956020e-08
6.9653331229e+03    2.0032840964e-08
6.9653635560e+03    2.0341098447e-08
6.9653939891e+03    2.0659182122e-08
6.9654244222e+03    2.0987574066e-08
6.9654548553e+03    2.1326786861e-08
6.9654852884e+03    2.1677365834e-08
6.9655157215e+03    2.2039891479e-08
6.9655461546e+03    2.2414982059e-08
6.9655765877e+03    2.2803296413e-08
6.9656070208e+03    2.3205536979e-08
6.9656374539e+03    2.3622453039e-08
6.9656678870e+03    2.4054844209e-08
6.9656983201e+03    2.4503564176e-08
6.9657287532e+03    2.4969524703e-08
6.9657591863e+03    2.5453699904e-08
6.9657896194e+03    2.5957130795e-08
6.9658200525e+03    2.6480930126e-08
6.9658504856e+03    2.7026287490e-08
6.9658809187e+03    2.7594474691e-08
6.9659113518e+03    2.8186851360e-08
6.9659417849e+03    2.8804870775e-08
6.9659722180e+03    2.9450085837e-08
6.9660026511e+03    3.0124155123e-08
6.9660330842e+03    3.0828848921e-08
6.9660635173e+03    3.1566055096e-08
6.9660939504e+03    3.2337784623e-08
6.9661243835e+03    3.3146176513e-08
6.9661548166e+03    3.3993501858e-08
6.9661852497e+03    3.4882166560e-08
6.9662156828e+03    3.5814712258e-08
6.9662461159e+03    3.6793814803e-08
6.9662765490e+03    3.7822279473e-08
6.9663069821e+03    3.8903031955e-08
6.9663374152e+03    4.0039103839e-08
6.9663678483e+03    4.1233611167e-08
6.9663982814e+03    4.2489724227e-08
6.9664287145e+03    4.3810626454e-08
6.9664591476e+03    4.5199459936e-08
6.9664895807e+03    4.6659254630e-08
6.9665200138e+03    4.8192838030e-08
6.9665504469e+03    4.9802721714e-08
6.9665808800e+03    5.1490961023e-08
6.9666113131e+03    5.3258984170e-08
6.9666417462e+03    5.5107387463e-08
6.9666721793e+03    5.7035694282e-08
6.9667026124e+03    5.9042077093e-08
6.9667330455e+03    6.1123044463e-08
6.9667634786e+03    6.3273098892e-08
6.9667939117e+03    6.5484376642e-08
6.9668243448e+03    6.7746287552e-08
6.9668547779e+03    7.0045181058e-08
6.9668852110e+03    7.2364073745e-08
6.9669156441e+03    7.4682482607e-08
6.9669460772e+03    7.6976415323e-08
6.9669765103e+03    7.9218571713e-08
6.9670069434e+03    8.1378806652e-08
6.9670373765e+03    8.3424891298e-08
6.9670678096e+03    8.5323584894e-08
6.9670982427e+03    8.7041993775e-08
6.9671286758e+03    8.8549150737e-08
6.9671591089e+03    8.9817702892e-08
6.9671895420e+03    9.0825558692e-08
6.9672199751e+03    9.1557324903e-08
6.9672504082e+03    9.2005369929e-08
6.9672808413e+03    9.2170383911e-08
6.9673112744e+03    9.2061364787e-08
6.9673417075e+03    9.1695032238e-08
6.9673721406e+03    9.1094743931e-08
6.9674025737e+03    9.0289046031e-08
6.9674330068e+03    8.9310022633e-08
6.9674634399e+03    8.8191612867e-08
6.9674938730e+03    8.6968043404e-08
6.9675243061e+03    8.5672486018e-08
6.9675547392e+03    8.4336004697e-08
6.9675851723e+03    8.2986813594e-08
6.9676156054e+03    8.1649831997e-08
6.9676460385e+03    8.0346498533e-08
6.9676764716e+03    7.9094793930e-08
6.9677069047e+03    7.7909418167e-08
6.9677373378e+03    7.6802071055e-08
6.9677677709e+03    7.5781792490e-08
6.9677982040e+03    7.4855327582e-08
6.9678286371e+03    7.4027490907e-08
6.9678590702e+03    7.3301512305e-08
6.9678895033e+03    7.2679353405e-08
6.9679199364e+03    7.2161989307e-08
6.9679503695e+03    7.1749653678e-08
6.9679808026e+03    7.1442048092e-08
6.9680112357e+03    7.1238518106e-08
6.9680416688e+03    7.1138199444e-08
6.9680721019e+03    7.1140138041e-08
6.9681025350e+03    7.1243387752e-08
6.9681329681e+03    7.1447089311e-08
6.9681634012e+03    7.1750533853e-08
6.9681938343e+03    7.2153213912e-08
6.9682242674e+03    7.2654864455e-08
6.9682547005e+03    7.3255496117e-08
6.9682851336e+03    7.3955422499e-08
6.9683155667e+03    7.4755283050e-08
6.9683459998e+03    7.5656062825e-08
6.9683764329e+03    7.6659110172e-08
6.9684068660e+03    7.7766153203e-08
6.9684372991e+03    7.8979315762e-08
6.9684677322e+03    8.0301133449e-08
6.9684981653e+03    8.1734570162e-08
6.9685285984e+03    8.3283035499e-08
6.9685590315e+03    8.4950403309e-08
6.9685894646e+03    8.6741031563e-08
6.9686198977e+03    8.8659783679e-08
6.9686503308e+03    9.0712051324e-08
6.9686807639e+03    9.2903778667e-08
6.9687111970e+03    9.5241487938e-08
6.9687416301e+03    9.7732306055e-08
6.9687720632e+03    1.0038399195e-07
6.9688024963e+03    1.0320496408e-07
6.9688329294e+03    1.0620432736e-07
6.9688633625e+03    1.0939189857e-07
6.9688937956e+03    1.1277822909e-07
6.9689242287e+03    1.1637462313e-07
6.9689546618e+03    1.2019314958e-07
6.9689850949e+03    1.2424664483e-07
6.9690155280e+03    1.2854870332e-07
6.9690459611e+03    1.3311365181e-07
6.9690763942e+03    1.3795650251e-07
6.9691068273e+03    1.4309287916e-07
6.9691372604e+03    1.4853890896e-07
6.9691676935e+03    1.5431107200e-07
6.9691981266e+03    1.6042599865e-07
6.9692285597e+03    1.6690020381e-07
6.9692589928e+03    1.7374974597e-07
6.9692894259e+03    1.8098979811e-07
6.9693198590e+03    1.8863411730e-07
6.9693502921e+03    1.9669440038e-07
6.9693807252e+03    2.0517951540e-07
6.9694111583e+03    2.1409460207e-07
6.9694415914e+03    2.2344004116e-07
6.9694720245e+03    2.3321030139e-07
6.9695024576e+03    2.4339268506e-07
6.9695328907e+03    2.5396600870e-07
6.9695633238e+03    2.6489927294e-07
6.9695937569e+03    2.7615039488e-07
6.9696241900e+03    2.8766509440e-07
6.9696546231e+03    2.9937604036e-07
6.9696850562e+03    3.1120237054e-07
6.9697154893e+03    3.2304969734e-07
6.9697459224e+03    3.3481069782e-07
6.9697763555e+03    3.4636636159e-07
6.9698067886e+03    3.5758793463e-07
6.9698372217e+03    3.6833955380e-07
6.9698676548e+03    3.7848151918e-07
6.9698980879e+03    3.8787410083e-07
6.9699285210e+03    3.9638172527e-07
6.9699589541e+03    4.0387733570e-07
6.9699893872e+03    4.1024667470e-07
6.9700198203e+03    4.1539220755e-07
6.9700502534e+03    4.1923640188e-07
6.9700806865e+03    4.2172411893e-07
6.9701111196e+03    4.2282395618e-07
6.9701415527e+03    4.2252850350e-07
6.9701719858e+03    4.2085360823e-07
6.9702024189e+03    4.1783685653e-07
6.9702328520e+03    4.1353553707e-07
6.9702632851e+03    4.0802434384e-07
6.9702937182e+03    4.0139300451e-07
6.9703241513e+03    3.9374391814e-07
6.9703545844e+03    3.8518978868e-07
6.9703850175e+03    3.7585118220e-07
6.9704154506e+03    3.6585393242e-07
6.9704458837e+03    3.5532636627e-07
6.9704763168e+03    3.4439639638e-07
6.9705067499e+03    3.3318860206e-07
6.9705371830e+03    3.2182146849e-07
6.9705676161e+03    3.1040496404e-07
6.9705980492e+03    2.9903860684e-07
6.9706284823e+03    2.8781011683e-07
6.9706589154e+03    2.7679468344e-07
6.9706893485e+03    2.6605481720e-07
6.9707197816e+03    2.5564070648e-07
6.9707502147e+03    2.4559097209e-07
6.9707806478e+03    2.3593370277e-07
6.9708110809e+03    2.2668765958e-07
6.9708415140e+03    2.1786355194e-07
6.9708719471e+03    2.0946530797e-07
6.9709023802e+03    2.0149128253e-07
6.9709328133e+03    1.9393536564e-07
6.9709632464e+03    1.8678797019e-07
6.9709936795e+03    1.8003689077e-07
6.9710241126e+03    1.7366803436e-07
6.9710545457e+03    1.6766602993e-07
6.9710849788e+03    1.6201472791e-07
6.9711154119e+03    1.5669760187e-07
6.9711458450e+03    1.5169806582e-07
6.9711762781e+03    1.4699971966e-07
6.9712067112e+03    1.4258653463e-07
6.9712371443e+03    1.3844298946e-07
6.9712675774e+03    1.3455416641e-07
6.9712980105e+03    1.3090581516e-07
6.9713284436e+03    1.2748439133e-07
6.9713588767e+03    1.2427707518e-07
6.9713893098e+03    1.2127177506e-07
6.9714197429e+03    1.1845711953e-07
6.9714501760e+03    1.1582244089e-07
6.9714806091e+03    1.1335775283e-07
6.9715110422e+03    1.1105372390e-07
6.9715414753e+03    1.0890164840e-07
6.9715719084e+03    1.0689341582e-07
6.9716023415e+03    1.0502147973e-07
6.9716327746e+03    1.0327882673e-07
6.9716632077e+03    1.0165894607e-07
6.9716936408e+03    1.0015580018e-07
6.9717240739e+03    9.8763796445e-08
6.9717545070e+03    9.7477760373e-08
6.9717849401e+03    9.6292910209e-08
6.9718153732e+03    9.5204833135e-08
6.9718458063e+03    9.4209463007e-08
6.9718762394e+03    9.3303059661e-08
6.9719066725e+03    9.2482189729e-08
6.9719371056e+03    9.1743708954e-08
6.9719675387e+03    9.1084745929e-08
6.9719979718e+03    9.0502687216e-08
6.9720284049e+03    8.9995163784e-08
6.9720588380e+03    8.9560038714e-08
6.9720892711e+03    8.9195396096e-08
6.9721197042e+03    8.8899531077e-08
6.9721501373e+03    8.8670941010e-08
6.9721805704e+03    8.8508317632e-08
6.9722110035e+03    8.8410540254e-08
6.9722414366e+03    8.8376669892e-08
6.9722718697e+03    8.8405944327e-08
6.9723023028e+03    8.8497774032e-08
6.9723327359e+03    8.8651738956e-08
6.9723631690e+03    8.8867586122e-08
6.9723936021e+03    8.9145228010e-08
6.9724240352e+03    8.9484741708e-08
6.9724544683e+03    8.9886368793e-08
6.9724849014e+03    9.0350515920e-08
6.9725153345e+03    9.0877756088e-08
6.9725457676e+03    9.1468830538e-08
6.9725762007e+03    9.2124651250e-08
6.9726066338e+03    9.2846303983e-08
6.9726370669e+03    9.3635051780e-08
6.9726675000e+03    9.4492338863e-08
6.9726979331e+03    9.5419794794e-08
6.9727283662e+03    9.6419238767e-08
6.9727587993e+03    9.7492683844e-08
6.9727892324e+03    9.8642340901e-08
6.9728196655e+03    9.9870621982e-08
6.9728500986e+03    1.0118014270e-07
6.9728805317e+03    1.0257372323e-07
6.9729109648e+03    1.0405438728e-07
6.9729413979e+03    1.0562535840e-07
6.9729718310e+03    1.0729005277e-07
6.9730022641e+03    1.0905206739e-07
6.9730326972e+03    1.1091516260e-07
6.9730631303e+03    1.1288323748e-07
6.9730935634e+03    1.1496029660e-07
6.9731239965e+03    1.1715040642e-07
6.9731544296e+03    1.1945763965e-07
6.9731848627e+03    1.2188600571e-07
6.9732152958e+03    1.2443936583e-07
6.9732457289e+03    1.2712133171e-07
6.9732761620e+03    1.2993514753e-07
6.9733065951e+03    1.3288355629e-07
6.9733370282e+03    1.3596865352e-07
6.9733674613e+03    1.3919173371e-07
6.9733978944e+03    1.4255313840e-07
6.9734283275e+03    1.4605211829e-07
6.9734587606e+03    1.4968672625e-07
6.9734891937e+03    1.5345376172e-07
6.9735196268e+03    1.5734878998e-07
6.9735500599e+03    1.6136626032e-07
6.9735804930e+03    1.6549974406e-07
6.9736109261e+03    1.6974230596e-07
6.9736413592e+03    1.7408700951e-07
6.9736717923e+03    1.7852753819e-07
6.9737022254e+03    1.8305889395e-07
6.9737326585e+03    1.8767811216e-07
6.9737630916e+03    1.9238491574e-07
6.9737935247e+03    1.9718222300e-07
6.9738239578e+03    2.0207642845e-07
6.9738543909e+03    2.0707739409e-07
6.9738848240e+03    2.1219811788e-07
6.9739152571e+03    2.1745408178e-07
6.9739456902e+03    2.2286231620e-07
6.9739761233e+03    2.2844024578e-07
6.9740065564e+03    2.3420439829e-07
6.9740369895e+03    2.4016906400e-07
6.9740674226e+03    2.4634498884e-07
6.9740978557e+03    2.5273817546e-07
6.9741282888e+03    2.5934885593e-07
6.9741587219e+03    2.6617069136e-07
6.9741891550e+03    2.7319024821e-07
6.9742195881e+03    2.8038679781e-07
6.9742500212e+03    2.8773248091e-07
6.9742804543e+03    2.9519287086e-07
6.9743108874e+03    3.0272795297e-07
6.9743413205e+03    3.1029351212e-07
6.9743717536e+03    3.1784288752e-07
6.9744021867e+03    3.2532901427e-07
6.9744326198e+03    3.3270663336e-07
6.9744630529e+03    3.3993452096e-07
6.9744934860e+03    3.4697757206e-07
6.9745239191e+03    3.5380857751e-07
6.9745543522e+03    3.6040955897e-07
6.9745847853e+03    3.6677257139e-07
6.9746152184e+03    3.7289994023e-07
6.9746456515e+03    3.7880396191e-07
6.9746760846e+03    3.8450614861e-07
6.9747065177e+03    3.9003613446e-07
6.9747369508e+03    3.9543037216e-07
6.9747673839e+03    4.0073073818e-07
6.9747978170e+03    4.0598313745e-07
6.9748282501e+03    4.1123616455e-07
6.9748586832e+03    4.1653985010e-07
6.9748891163e+03    4.2194450502e-07
6.9749195494e+03    4.2749967373e-07
6.9749499825e+03    4.3325321535e-07
6.9749804156e+03    4.3925054126e-07
6.9750108487e+03    4.4553403828e-07
6.9750412818e+03    4.5214269546e-07
6.9750717149e+03    4.5911192823e-07
6.9751021480e+03    4.6647356300e-07
6.9751325811e+03    4.7425591766e-07
6.9751630142e+03    4.8248389767e-07
6.9751934473e+03    4.9117902951e-07
6.9752238804e+03    5.0035937382e-07
6.9752543135e+03    5.1003929482e-07
6.9752847466e+03    5.2022910154e-07
6.9753151797e+03    5.3093461050e-07
6.9753456128e+03    5.4215670103e-07
6.9753760459e+03    5.5389093900e-07
6.9754064790e+03    5.6612733363e-07
6.9754369121e+03    5.7885027064e-07
6.9754673452e+03    5.9203864033e-07
6.9754977783e+03    6.0566615858e-07
6.9755282114e+03    6.1970186756e-07
6.9755586445e+03    6.3411079970e-07
6.9755890776e+03    6.4885478915e-07
6.9756195107e+03    6.6389341090e-07
6.9756499438e+03    6.7918501342e-07
6.9756803769e+03    6.9468778322e-07
6.9757108100e+03    7.1036074775e-07
6.9757412431e+03    7.2616459925e-07
6.9757716762e+03    7.4206222275e-07
6.9758021093e+03    7.5801884806e-07
6.9758325424e+03    7.7400181717e-07
6.9758629755e+03    7.8998005102e-07
6.9758934086e+03    8.0592338697e-07
6.9759238417e+03    8.2180201282e-07
6.9759542748e+03    8.3758622214e-07
6.9759847079e+03    8.5324665367e-07
6.9760151410e+03    8.6875506517e-07
6.9760455741e+03    8.8408555662e-07
6.9760760072e+03    8.9921603282e-07
6.9761064403e+03    9.1412961190e-07
6.9761368734e+03    9.2881566471e-07
6.9761673065e+03    9.4327021330e-07
6.9761977396e+03    9.5749551449e-07
6.9762281727e+03    9.7149878375e-07
6.9762586058e+03    9.8529014853e-07
6.9762890389e+03    9.9888003604e-07
6.9763194720e+03    1.0122762809e-06
6.9763499051e+03    1.0254812759e-06
6.9763803382e+03    1.0384894830e-06
6.9764107713e+03    1.0512855773e-06
6.9764412044e+03    1.0638434194e-06
6.9764716375e+03    1.0761259531e-06
6.9765020706e+03    1.0880860119e-06
6.9765325037e+03    1.0996679132e-06
6.9765629368e+03    1.1108096203e-06
6.9765933699e+03    1.1214451970e-06
6.9766238030e+03    1.1315072566e-06
6.9766542361e+03    1.1409291358e-06
6.9766846692e+03    1.1496465937e-06
6.9767151023e+03    1.1575989351e-06
6.9767455354e+03    1.1647295682e-06
6.9767759685e+03    1.1709861054e-06
6.9768064016e+03    1.1763201944e-06
6.9768368347e+03    1.1806873015e-06
6.9768672678e+03    1.1840466623e-06
6.9768977009e+03    1.1863615675e-06
6.9769281340e+03    1.1876000705e-06
6.9769585671e+03    1.1877361096e-06
6.9769890002e+03    1.1867509387e-06
6.9770194333e+03    1.1846346920e-06
6.9770498664e+03    1.1813878688e-06
6.9770802995e+03    1.1770225293e-06
6.9771107326e+03    1.1715630318e-06
6.9771411657e+03    1.1650462091e-06
6.9771715988e+03    1.1575209481e-06
6.9772020319e+03    1.1490472068e-06
6.9772324650e+03    1.1396945353e-06
6.9772628981e+03    1.1295401931e-06
6.9772933312e+03    1.1186669418e-06
6.9773237643e+03    1.1071605773e-06
6.9773541974e+03    1.0951072492e-06
6.9773846305e+03    1.0825906088e-06
6.9774150636e+03    1.0696888484e-06
6.9774454967e+03    1.0564717340e-06
6.9774759298e+03    1.0429977840e-06
6.9775063629e+03    1.0293117925e-06
6.9775367960e+03    1.0154429136e-06
6.9775672291e+03    1.0014035110e-06
6.9775976622e+03    9.8718891555e-07
6.9776280953e+03    9.7277815661e-07
6.9776585284e+03    9.5813563696e-07
6.9776889615e+03    9.4321364243e-07
6.9777193946e+03    9.2795552386e-07
6.9777498277e+03    9.1229936584e-07
6.9777802608e+03    8.9618195849e-07
6.9778106939e+03    8.7954290143e-07
6.9778411270e+03    8.6232867946e-07
6.9778715601e+03    8.4449654934e-07
6.9779019932e+03    8.2601806558e-07
6.9779324263e+03    8.0688205716e-07
6.9779628594e+03    7.8709685874e-07
6.9779932925e+03    7.6669160944e-07
6.9780237256e+03    7.4571646964e-07
6.9780541587e+03    7.2424167352e-07
6.9780845918e+03    7.0235542794e-07
6.9781150249e+03    6.8016077551e-07
6.9781454580e+03    6.5777164388e-07
6.9781758911e+03    6.3530838592e-07
6.9782063242e+03    6.1289316083e-07
6.9782367573e+03    5.9064550568e-07
6.9782671904e+03    5.6867840263e-07
6.9782976235e+03    5.4709506840e-07
6.9783280566e+03    5.2598659639e-07
6.9783584897e+03    5.0543048472e-07
6.9783889228e+03    4.8549000006e-07
6.9784193559e+03    4.6621426601e-07
6.9784497890e+03    4.4763892925e-07
6.9784802221e+03    4.2978724510e-07
6.9785106552e+03    4.1267143060e-07
6.9785410883e+03    3.9629415253e-07
6.9785715214e+03    3.8065004348e-07
6.9786019545e+03    3.6572716616e-07
6.9786323876e+03    3.5150837171e-07
6.9786628207e+03    3.3797251950e-07
6.9786932538e+03    3.2509554307e-07
6.9787236869e+03    3.1285135990e-07
6.9787541200e+03    3.0121263126e-07
6.9787845531e+03    2.9015138405e-07
6.9788149862e+03    2.7963950944e-07
6.9788454193e+03    2.6964915421e-07
6.9788758524e+03    2.6015302065e-07
6.9789062855e+03    2.5112458977e-07
6.9789367186e+03    2.4253828145e-07
6.9789671517e+03    2.3436956311e-07
6.9789975848e+03    2.2659501742e-07
6.9790280179e+03    2.1919237755e-07
6.9790584510e+03    2.1214053725e-07
6.9790888841e+03    2.0541954173e-07
6.9791193172e+03    1.9901056420e-07
6.9791497503e+03    1.9289587202e-07
6.9791801834e+03    1.8705878555e-07
6.9792106165e+03    1.8148363222e-07
6.9792410496e+03    1.7615569766e-07
6.9792714827e+03    1.7106117550e-07
6.9793019158e+03    1.6618711688e-07
6.9793323489e+03    1.6152138058e-07
6.9793627820e+03    1.5705258433e-07
6.9793932151e+03    1.5277005773e-07
6.9794236482e+03    1.4866379721e-07
6.9794540813e+03    1.4472442303e-07
6.9794845144e+03    1.4094313856e-07
6.9795149475e+03    1.3731169184e-07
6.9795453806e+03    1.3382233941e-07
6.9795758137e+03    1.3046781235e-07
6.9796062468e+03    1.2724128450e-07
6.9796366799e+03    1.2413634277e-07
6.9796671130e+03    1.2114695943e-07
6.9796975461e+03    1.1826746629e-07
6.9797279792e+03    1.1549253058e-07
6.9797584123e+03    1.1281713266e-07
6.9797888454e+03    1.1023654515e-07
6.9798192785e+03    1.0774631359e-07
6.9798497116e+03    1.0534223846e-07
6.9798801447e+03    1.0302035847e-07
6.9799105778e+03    1.0077693506e-07
6.9799410109e+03    9.8608437932e-08
6.9799714440e+03    9.6511531669e-08
6.9800018771e+03    9.4483063288e-08
6.9800323102e+03    9.2520050646e-08
6.9800627433e+03    9.0619671681e-08
6.9800931764e+03    8.8779254397e-08
6.9801236095e+03    8.6996267550e-08
6.9801540426e+03    8.5268311978e-08
6.9801844757e+03    8.3593112528e-08
6.9802149088e+03    8.1968510538e-08
6.9802453419e+03    8.0392456836e-08
6.9802757750e+03    7.8863005201e-08
6.9803062081e+03    7.7378306280e-08
6.9803366412e+03    7.5936601902e-08
6.9803670743e+03    7.4536219771e-08
6.9803975074e+03    7.3175568514e-08
6.9804279405e+03    7.1853133051e-08
6.9804583736e+03    7.0567470263e-08
6.9804888067e+03    6.9317204947e-08
6.9805192398e+03    6.8101026026e-08
6.9805496729e+03    6.6917683004e-08
6.9805801060e+03    6.5765982637e-08
6.9806105391e+03    6.4644785826e-08
6.9806409722e+03    6.3553004693e-08
6.9806714053e+03    6.2489599842e-08
6.9807018384e+03    6.1453577787e-08
6.9807322715e+03    6.0443988540e-08
6.9807627046e+03    5.9459923337e-08
6.9807931377e+03    5.8500512513e-08
6.9808235708e+03    5.7564923489e-08
6.9808540039e+03    5.6652358889e-08
6.9808844370e+03    5.5762054762e-08
6.9809148701e+03    5.4893278910e-08
6.9809453032e+03    5.4045329312e-08
6.9809757363e+03    5.3217532636e-08
6.9810061694e+03    5.2409242839e-08
6.9810366025e+03    5.1619839844e-08
6.9810670356e+03    5.0848728291e-08
6.9810974687e+03    5.0095336361e-08
6.9811279018e+03    4.9359114659e-08
6.9811583349e+03    4.8639535162e-08
6.9811887680e+03    4.7936090224e-08
6.9812192011e+03    4.7248291633e-08
6.9812496342e+03    4.6575669723e-08
6.9812800673e+03    4.5917772526e-08
6.9813105004e+03    4.5274164972e-08
6.9813409335e+03    4.4644428137e-08
6.9813713666e+03    4.4028158520e-08
6.9814017997e+03    4.3424967362e-08
6.9814322328e+03    4.2834480002e-08
6.9814626659e+03    4.2256335264e-08
6.9814930990e+03    4.1690184871e-08
6.9815235321e+03    4.1135692896e-08
6.9815539652e+03    4.0592535235e-08
6.9815843983e+03    4.0060399107e-08
6.9816148314e+03    3.9538982579e-08
6.9816452645e+03    3.9027994115e-08
6.9816756976e+03    3.8527152146e-08
6.9817061307e+03    3.8036184660e-08
6.9817365638e+03    3.7554828813e-08
6.9817669969e+03    3.7082830556e-08
6.9817974300e+03    3.6619944286e-08
6.9818278631e+03    3.6165932502e-08
6.9818582962e+03    3.5720565489e-08
6.9818887293e+03    3.5283621010e-08
6.9819191624e+03    3.4854884012e-08
6.9819495955e+03    3.4434146348e-08
6.9819800286e+03    3.4021206509e-08
6.9820104617e+03    3.3615869373e-08
6.9820408948e+03    3.3217945957e-08
6.9820713279e+03    3.2827253189e-08
6.9821017610e+03    3.2443613680e-08
6.9821321941e+03    3.2066855519e-08
6.9821626272e+03    3.1696812065e-08
6.9821930603e+03    3.1333321752e-08
6.9822234934e+03    3.0976227907e-08
6.9822539265e+03    3.0625378568e-08
6.9822843596e+03    3.0280626315e-08
6.9823147927e+03    2.9941828108e-08
6.9823452258e+03    2.9608845128e-08
6.9823756589e+03    2.9281542628e-08
6.9824060920e+03    2.8959789789e-08
6.9824365251e+03    2.8643459586e-08
6.9824669582e+03    2.8332428649e-08
6.9824973913e+03    2.8026577140e-08
6.9825278244e+03    2.7725788633e-08
6.9825582575e+03    2.7429949994e-08
6.9825886906e+03    2.7138951269e-08
6.9826191237e+03    2.6852685580e-08
6.9826495568e+03    2.6571049016e-08
6.9826799899e+03    2.6293940540e-08
6.9827104230e+03    2.6021261887e-08
6.9827408561e+03    2.5752917478e-08
6.9827712892e+03    2.5488814327e-08
6.9828017223e+03    2.5228861961e-08
6.9828321554e+03    2.4972972333e-08
6.9828625885e+03    2.4721059749e-08
6.9828930216e+03    2.4473040788e-08
6.9829234547e+03    2.4228834231e-08
6.9829538878e+03    2.3988360992e-08
6.9829843209e+03    2.3751544049e-08
6.9830147540e+03    2.3518308380e-08
6.9830451871e+03    2.3288580901e-08
6.9830756202e+03    2.3062290403e-08
6.9831060533e+03    2.2839367499e-08
6.9831364864e+03    2.2619744562e-08
6.9831669195e+03    2.2403355676e-08
6.9831973526e+03    2.2190136582e-08
6.9832277857e+03    2.1980024626e-08
6.9832582188e+03    2.1772958715e-08
6.9832886519e+03    2.1568879266e-08
6.9833190850e+03    2.1367728163e-08
6.9833495181e+03    2.1169448715e-08
6.9833799512e+03    2.0973985611e-08
6.9834103843e+03    2.0781284879e-08
6.9834408174e+03    2.0591293852e-08
6.9834712505e+03    2.0403961125e-08
6.9835016836e+03    2.0219236520e-08
6.9835321167e+03    2.0037071051e-08
6.9835625498e+03    1.9857416892e-08
6.9835929829e+03    1.9680227339e-08
6.9836234160e+03    1.9505456783e-08
6.9836538491e+03    1.9333060676e-08
6.9836842822e+03    1.9162995503e-08
6.9837147153e+03    1.8995218753e-08
6.9837451484e+03    1.8829688890e-08
6.9837755815e+03    1.8666365328e-08
6.9838060146e+03    1.8505208402e-08
6.9838364477e+03    1.8346179345e-08
6.9838668808e+03    1.8189240264e-08
6.9838973139e+03    1.8034354114e-08
6.9839277470e+03    1.7881484677e-08
6.9839581801e+03    1.7730596538e-08
6.9839886132e+03    1.7581655066e-08
6.9840190463e+03    1.7434626391e-08
6.9840494794e+03    1.7289477385e-08
6.9840799125e+03    1.7146175642e-08
6.9841103456e+03    1.7004689459e-08
6.9841407787e+03    1.6864987818e-08
6.9841712118e+03    1.6727040367e-08
6.9842016449e+03    1.6590817405e-08
6.9842320780e+03    1.6456289862e-08
6.9842625111e+03    1.6323429286e-08
6.9842929442e+03    1.6192207826e-08
6.9843233773e+03    1.6062598216e-08
6.9843538104e+03    1.5934573760e-08
6.9843842435e+03    1.5808108321e-08
6.9844146766e+03    1.5683176302e-08
6.9844451097e+03    1.5559752635e-08
6.9844755428e+03    1.5437812768e-08
6.9845059759e+03    1.5317332653e-08
6.9845364090e+03    1.5198288731e-08
6.9845668421e+03    1.5080657922e-08
6.9845972752e+03    1.4964417613e-08
6.9846277083e+03    1.4849545646e-08
6.9846581414e+03    1.4736020306e-08
6.9846885745e+03    1.4623820315e-08
6.9847190076e+03    1.4512924815e-08
6.9847494407e+03    1.4403313362e-08
6.9847798738e+03    1.4294965915e-08
6.9848103069e+03    1.4187862828e-08
6.9848407400e+03    1.4081984837e-08
6.9848711731e+03    1.3977313055e-08
6.9849016062e+03    1.3873828960e-08
6.9849320393e+03    1.3771514389e-08
6.9849624724e+03    1.3670351528e-08
6.9849929055e+03    1.3570322905e-08
6.9850233386e+03    1.3471411380e-08
6.9850537717e+03    1.3373600141e-08
6.9850842048e+03    1.3276872692e-08
6.9851146379e+03    1.3181212850e-08
6.9851450710e+03    1.3086604736e-08
6.9851755041e+03    1.2993032767e-08
6.9852059372e+03    1.2900481651e-08
6.9852363703e+03    1.2808936380e-08
6.9852668034e+03    1.2718382225e-08
6.9852972365e+03    1.2628804725e-08
6.9853276696e+03    1.2540189688e-08
6.9853581027e+03    1.2452523180e-08
6.9853885358e+03    1.2365791520e-08
6.9854189689e+03    1.2279981277e-08
6.9854494020e+03    1.2195079261e-08
6.9854798351e+03    1.2111072521e-08
6.9855102682e+03    1.2027948337e-08
6.9855407013e+03    1.1945694218e-08
6.9855711344e+03    1.1864297894e-08
6.9856015675e+03    1.1783747313e-08
6.9856320006e+03    1.1704030637e-08
6.9856624337e+03    1.1625136235e-08
6.9856928668e+03    1.1547052681e-08
6.9857232999e+03    1.1469768749e-08
6.9857537330e+03    1.1393273408e-08
6.9857841661e+03    1.1317555818e-08
6.9858145992e+03    1.1242605328e-08
6.9858450323e+03    1.1168411468e-08
6.9858754654e+03    1.1094963951e-08
6.9859058985e+03    1.1022252663e-08
6.9859363316e+03    1.0950267664e-08
6.9859667647e+03    1.0878999182e-08
6.9859971978e+03    1.0808437612e-08
6.9860276309e+03    1.0738573509e-08
6.9860580640e+03    1.0669397587e-08
6.9860884971e+03    1.0600900718e-08
6.9861189302e+03    1.0533073923e-08
6.9861493633e+03    1.0465908374e-08
6.9861797964e+03    1.0399395389e-08
6.9862102295e+03    1.0333526430e-08
6.9862406626e+03    1.0268293099e-08
6.9862710957e+03    1.0203687135e-08
6.9863015288e+03    1.0139700414e-08
6.9863319619e+03    1.0076324942e-08
6.9863623950e+03    1.0013552856e-08
6.9863928281e+03    9.9513764210e-09
6.9864232612e+03    9.8897880256e-09
6.9864536943e+03    9.8287801810e-09
6.9864841274e+03    9.7683455184e-09
6.9865145605e+03    9.7084767868e-09
6.9865449936e+03    9.6491668504e-09
6.9865754267e+03    9.5904086866e-09
6.9866058598e+03    9.5321953840e-09
6.9866362929e+03    9.4745201397e-09
6.9866667260e+03    9.4173762581e-09
6.9866971591e+03    9.3607571480e-09
6.9867275922e+03    9.3046563214e-09
6.9867580253e+03    9.2490673909e-09
6.9867884584e+03    9.1939840682e-09
6.9868188915e+03    9.1394001623e-09
6.9868493246e+03    9.0853095773e-09
6.9868797577e+03    9.0317063110e-09
6.9869101908e+03    8.9785844532e-09
6.9869406239e+03    8.9259381837e-09
6.9869710570e+03    8.8737617707e-09
6.9870014901e+03    8.8220495695e-09
6.9870319232e+03    8.7707960206e-09
6.9870623563e+03    8.7199956483e-09
6.9870927894e+03    8.6696430589e-09
6.9871232225e+03    8.6197329396e-09
6.9871536556e+03    8.5702600571e-09
6.9871840887e+03    8.5212192555e-09
6.9872145218e+03    8.4726054556e-09
6.9872449549e+03    8.4244136534e-09
6.9872753880e+03    8.3766389184e-09
6.9873058211e+03    8.3292763928e-09
6.9873362542e+03    8.2823212897e-09
6.9873666873e+03    8.2357688924e-09
6.9873971204e+03    8.1896145526e-09
6.9874275535e+03    8.1438536896e-09
6.9874579866e+03    8.0984817890e-09
6.9874884197e+03    8.0534944016e-09
6.9875188528e+03    8.0088871420e-09
6.9875492859e+03    7.9646556879e-09
6.9875797190e+03    7.9207957787e-09
6.9876101521e+03    7.8773032146e-09
6.9876405852e+03    7.8341738555e-09
6.9876710183e+03    7.7914036199e-09
6.9877014514e+03    7.7489884840e-09
6.9877318845e+03    7.7069244808e-09
6.9877623176e+03    7.6652076989e-09
6.9877927507e+03    7.6238342818e-09
6.9878231838e+03    7.5828004267e-09
6.9878536169e+03    7.5421023841e-09
6.9878840500e+03    7.5017364560e-09
6.9879144831e+03    7.4616989963e-09
6.9879449162e+03    7.4219864086e-09
6.9879753493e+03    7.3825951464e-09
6.9880057824e+03    7.3435217118e-09
6.9880362155e+03    7.3047626547e-09
6.9880666486e+03    7.2663145722e-09
6.9880970817e+03    7.2281741076e-09
6.9881275148e+03    7.1903379499e-09
6.9881579479e+03    7.1528028328e-09
6.9881883810e+03    7.1155655341e-09
6.9882188141e+03    7.0786228751e-09
6.9882492472e+03    7.0419717194e-09
6.9882796803e+03    7.0056089731e-09
6.9883101134e+03    6.9695315831e-09
6.9883405465e+03    6.9337365373e-09
6.9883709796e+03    6.8982208634e-09
6.9884014127e+03    6.8629816284e-09
6.9884318458e+03    6.8280159382e-09
6.9884622789e+03    6.7933209365e-09
6.9884927120e+03    6.7588938049e-09
6.9885231451e+03    6.7247317616e-09
6.9885535782e+03    6.6908320611e-09
6.9885840113e+03    6.6571919939e-09
6.9886144444e+03    6.6238088855e-09
6.9886448775e+03    6.5906800960e-09
6.9886753106e+03    6.5578030197e-09
6.9887057437e+03    6.5251750845e-09
6.9887361768e+03    6.4927937513e-09
6.9887666099e+03    6.4606565134e-09
6.9887970430e+03    6.4287608964e-09
6.9888274761e+03    6.3971044572e-09
6.9888579092e+03    6.3656847838e-09
6.9888883423e+03    6.3344994949e-09
6.9889187754e+03    6.3035462392e-09
6.9889492085e+03    6.2728226952e-09
6.9889796416e+03    6.2423265704e-09
6.9890100747e+03    6.2120556011e-09
6.9890405078e+03    6.1820075520e-09
6.9890709409e+03    6.1521802158e-09
6.9891013740e+03    6.1225714125e-09
6.9891318071e+03    6.0931789892e-09
6.9891622402e+03    6.0640008197e-09
6.9891926733e+03    6.0350348040e-09
6.9892231064e+03    6.0062788681e-09
6.9892535395e+03    5.9777309634e-09
6.9892839726e+03    5.9493890665e-09
6.9893144057e+03    5.9212511785e-09
6.9893448388e+03    5.8933153252e-09
6.9893752719e+03    5.8655795563e-09
6.9894057050e+03    5.8380419450e-09
6.9894361381e+03    5.8107005880e-09
6.9894665712e+03    5.7835536050e-09
6.9894970043e+03    5.7565991382e-09
6.9895274374e+03    5.7298353523e-09
6.9895578705e+03    5.7032604339e-09
6.9895883036e+03    5.6768725912e-09
6.9896187367e+03    5.6506700540e-09
6.9896491698e+03    5.6246510728e-09
6.9896796029e+03    5.5988139192e-09
6.9897100360e+03    5.5731568850e-09
6.9897404691e+03    5.5476782825e-09
6.9897709022e+03    5.5223764435e-09
6.9898013353e+03    5.4972497196e-09
6.9898317684e+03    5.4722964818e-09
6.9898622015e+03    5.4475151199e-09
6.9898926346e+03    5.4229040427e-09
6.9899230677e+03    5.3984616775e-09
6.9899535008e+03    5.3741864698e-09
6.9899839339e+03    5.3500768830e-09
6.9900143670e+03    5.3261313985e-09
6.9900448001e+03    5.3023485149e-09
6.9900752332e+03    5.2787267484e-09
6.9901056663e+03    5.2552646319e-09
6.9901360994e+03    5.2319607153e-09
6.9901665325e+03    5.2088135650e-09
6.9901969656e+03    5.1858217638e-09
6.9902273987e+03    5.1629839104e-09
6.9902578318e+03    5.1402986195e-09
6.9902882649e+03    5.1177645215e-09
6.9903186980e+03    5.0953802623e-09
6.9903491311e+03    5.0731445029e-09
6.9903795642e+03    5.0510559195e-09
6.9904099973e+03    5.0291132029e-09
6.9904404304e+03    5.0073150588e-09
6.9904708635e+03    4.9856602072e-09
6.9905012966e+03    4.9641473823e-09
6.9905317297e+03    4.9427753324e-09
6.9905621628e+03    4.9215428197e-09
6.9905925959e+03    4.9004486201e-09
6.9906230290e+03    4.8794915228e-09
6.9906534621e+03    4.8586703307e-09
6.9906838952e+03    4.8379838594e-09
6.9907143283e+03    4.8174309377e-09
6.9907447614e+03    4.7970104072e-09
6.9907751945e+03    4.7767211222e-09
6.9908056276e+03    4.7565619492e-09
6.9908360607e+03    4.7365317672e-09
6.9908664938e+03    4.7166294674e-09
6.9908969269e+03    4.6968539527e-09
6.9909273600e+03    4.6772041381e-09
6.9909577931e+03    4.6576789502e-09
6.9909882262e+03    4.6382773270e-09
6.9910186593e+03    4.6189982180e-09
6.9910490924e+03    4.5998405839e-09
6.9910795255e+03    4.5808033965e-09
6.9911099586e+03    4.5618856384e-09
6.9911403917e+03    4.5430863032e-09
6.9911708248e+03    4.5244043950e-09
6.9912012579e+03    4.5058389284e-09
6.9912316910e+03    4.4873889286e-09
6.9912621241e+03    4.4690534309e-09
6.9912925572e+03    4.4508314807e-09
6.9913229903e+03    4.4327221335e-09
6.9913534234e+03    4.4147244546e-09
6.9913838565e+03    4.3968375191e-09
6.9914142896e+03    4.3790604116e-09
6.9914447227e+03    4.3613922264e-09
6.9914751558e+03    4.3438320671e-09
6.9915055889e+03    4.3263790466e-09
6.9915360220e+03    4.3090322868e-09
6.9915664551e+03    4.2917909188e-09
6.9915968882e+03    4.2746540825e-09
6.9916273213e+03    4.2576209269e-09
6.9916577544e+03    4.2406906094e-09
6.9916881875e+03    4.2238622961e-09
6.9917186206e+03    4.2071351616e-09
6.9917490537e+03    4.1905083889e-09
6.9917794868e+03    4.1739811694e-09
6.9918099199e+03    4.1575527024e-09
6.9918403530e+03    4.1412221956e-09
6.9918707861e+03    4.1249888645e-09
6.9919012192e+03    4.1088519326e-09
6.9919316523e+03    4.0928106310e-09
6.9919620854e+03    4.0768641988e-09
6.9919925185e+03    4.0610118825e-09
6.9920229516e+03    4.0452529361e-09
6.9920533847e+03    4.0295866213e-09
6.9920838178e+03    4.0140122067e-09
6.9921142509e+03    3.9985289685e-09
6.9921446840e+03    3.9831361900e-09
6.9921751171e+03    3.9678331615e-09
6.9922055502e+03    3.9526191802e-09
6.9922359833e+03    3.8983093941e-09
6.9922664164e+03    3.8833665874e-09
6.9922968495e+03    3.8685104150e-09
6.9923272826e+03    3.8537402030e-09
6.9923577157e+03    3.8390552842e-09
6.9923881488e+03    3.8244549978e-09
6.9924185819e+03    3.8099386895e-09
6.9924490150e+03    3.7955057114e-09
6.9924794481e+03    3.7811554216e-09
6.9925098812e+03    3.7668871848e-09
6.9925403143e+03    3.7527003715e-09
6.9925707474e+03    3.7385943586e-09
6.9926011805e+03    3.7245685286e-09
6.9926316136e+03    3.7106222701e-09
6.9926620467e+03    3.6967549777e-09
6.9926924798e+03    3.6829660516e-09
6.9927229129e+03    3.6692548977e-09
6.9927533460e+03    3.6556209277e-09
6.9927837791e+03    3.6420635588e-09
6.9928142122e+03    3.6285822137e-09
6.9928446453e+03    3.6151763206e-09
6.9928750784e+03    3.6018453132e-09
6.9929055115e+03    3.5885886303e-09
6.9929359446e+03    3.5754057161e-09
6.9929663777e+03    3.5622960202e-09
6.9929968108e+03    3.5492589970e-09
6.9930272439e+03    3.5362941063e-09
6.9930576770e+03    3.5234008128e-09
6.9930881101e+03    3.5105785862e-09
6.9931185432e+03    3.4978269011e-09
6.9931489763e+03    3.4851452372e-09
6.9931794094e+03    3.4725330786e-09
6.9932098425e+03    3.4599899147e-09
6.9932402756e+03    3.4475152390e-09
6.9932707087e+03    3.4351085503e-09
6.9933011418e+03    3.4227693515e-09
6.9933315749e+03    3.4104971503e-09
6.9933620080e+03    3.3982914589e-09
6.9933924411e+03    3.3861517939e-09
6.9934228742e+03    3.3740776763e-09
6.9934533073e+03    3.3620686315e-09
6.9934837404e+03    3.3501241893e-09
6.9935141735e+03    3.3382438837e-09
6.9935446066e+03    3.3264272527e-09
6.9935750397e+03    3.3146738388e-09
6.9936054728e+03    3.3029831885e-09
6.9936359059e+03    3.2913548524e-09
6.9936663390e+03    3.2797883850e-09
6.9936967721e+03    3.2682833451e-09
6.9937272052e+03    3.2568392951e-09
6.9937576383e+03    3.2454558016e-09
6.9937880714e+03    3.2341324349e-09
6.9938185045e+03    3.2228687692e-09
6.9938489376e+03    3.2116643824e-09
6.9938793707e+03    3.2005188562e-09
6.9939098038e+03    3.1894317761e-09
6.9939402369e+03    3.1784027311e-09
6.9939706700e+03    3.1674313140e-09
6.9940011031e+03    3.1565171209e-09
6.9940315362e+03    3.1456597519e-09
6.9940619693e+03    3.1348588101e-09
6.9940924024e+03    3.1241139024e-09
6.9941228355e+03    3.1134246392e-09
6.9941532686e+03    3.1027906340e-09
6.9941837017e+03    3.0922115039e-09
6.9942141348e+03    3.0816868693e-09
6.9942445679e+03    3.0712163538e-09
6.9942750010e+03    3.0607995844e-09
6.9943054341e+03    3.0504361911e-09
6.9943358672e+03    3.0401258074e-09
6.9943663003e+03    3.0298680698e-09
6.9943967334e+03    3.0196626178e-09
6.9944271665e+03    3.0095090943e-09
6.9944575996e+03    2.9994071449e-09
6.9944880327e+03    2.9893564186e-09
6.9945184658e+03    2.9793565672e-09
6.9945488989e+03    2.9694072454e-09
6.9945793320e+03    2.9595081110e-09
6.9946097651e+03    2.9496588246e-09
6.9946401982e+03    2.9398590499e-09
6.9946706313e+03    2.9301084531e-09
6.9947010644e+03    2.9204067034e-09
6.9947314975e+03    2.9107534729e-09
6.9947619306e+03    2.9011484362e-09
6.9947923637e+03    2.8915912710e-09
6.9948227968e+03    2.8820816573e-09
6.9948532299e+03    2.8726192781e-09
6.9948836630e+03    2.8174661825e-09
6.9949140961e+03    2.8082083688e-09
6.9949445292e+03    2.7989964503e-09
6.9949749623e+03    2.7898301222e-09
6.9950053954e+03    2.7807090823e-09
6.9950358285e+03    2.7716330311e-09
6.9950662616e+03    2.6862982066e-09
6.9950966947e+03    2.6197117362e-09
6.9951271278e+03    2.6110937310e-09
6.9951575609e+03    2.6025183600e-09
6.9951879940e+03    2.5939853413e-09
6.9952184271e+03    2.5854943955e-09
6.9952488602e+03    2.5770452455e-09
6.9952792933e+03    2.5686376165e-09
6.9953097264e+03    2.5602712359e-09
6.9953401595e+03    2.4670526113e-09
6.9953705926e+03    2.4589740346e-09
6.9954010257e+03    2.4509351525e-09
6.9954314588e+03    2.4429357046e-09
6.9954618919e+03    2.4349754331e-09
6.9954923250e+03    2.4270540821e-09
6.9955227581e+03    2.4191713977e-09
6.9955531912e+03    2.4113271283e-09
6.9955836243e+03    2.4035210242e-09
6.9956140574e+03    2.3957528377e-09
6.9956444905e+03    2.3880223232e-09
6.9956749236e+03    2.3803292371e-09
6.9957053567e+03    2.3726733377e-09
6.9957357898e+03    2.3650543853e-09
6.9957662229e+03    2.3574721421e-09
6.9957966560e+03    2.3499263722e-09
6.9958270891e+03    2.3424168417e-09
6.9958575222e+03    2.3349433184e-09
6.9958879553e+03    2.3275055720e-09
6.9959183884e+03    2.3201033743e-09
6.9959488215e+03    2.3127364985e-09
6.9959792546e+03    2.3054047200e-09
6.9960096877e+03    2.2981078156e-09
6.9960401208e+03    2.2908455643e-09
6.9960705539e+03    2.2836177466e-09
6.9961009870e+03    2.2764241447e-09
6.9961314201e+03    2.2692645425e-09
6.9961618532e+03    2.2621387260e-09
6.9961922863e+03    2.2550464823e-09
6.9962227194e+03    2.2479876005e-09
6.9962531525e+03    2.2409618715e-09
6.9962835856e+03    2.2339690875e-09
6.9963140187e+03    2.2270090425e-09
6.9963444518e+03    2.2200815322e-09
6.9963748849e+03    2.2131863536e-09
6.9964053180e+03    2.2063233057e-09
6.9964357511e+03    2.1994921886e-09
6.9964661842e+03    2.1926928044e-09
6.9964966173e+03    2.1859249564e-09
6.9965270504e+03    2.1791884496e-09
6.9965574835e+03    2.1724830904e-09
6.9965879166e+03    2.1658086867e-09
6.9966183497e+03    2.1591650481e-09
6.9966487828e+03    2.1525519854e-09
6.9966792159e+03    2.1459693110e-09
6.9967096490e+03    2.1394168386e-09
6.9967400821e+03    2.1328943834e-09
6.9967705152e+03    2.1264017622e-09
6.9968009483e+03    2.1199387928e-09
6.9968313814e+03    2.1135052948e-09
6.9968618145e+03    2.1071010889e-09
6.9968922476e+03    2.1007259972e-09
6.9969226807e+03    2.0943798434e-09
6.9969531138e+03    2.0880624521e-09
6.9969835469e+03    2.0817736497e-09
6.9970139800e+03    2.0755132634e-09
6.9970444131e+03    2.0692811223e-09
6.9970748462e+03    2.0630770562e-09
6.9971052793e+03    2.0569008966e-09
6.9971357124e+03    2.0507524760e-09
6.9971661455e+03    2.0446316284e-09
6.9971965786e+03    2.0385381889e-09
6.9972270117e+03    2.0324719937e-09
6.9972574448e+03    2.0264328806e-09
6.9972878779e+03    2.0204206881e-09
6.9973183110e+03    2.0144352564e-09
6.9973487441e+03    2.0084764266e-09
6.9973791772e+03    2.0025440410e-09
6.9974096103e+03    1.9966379431e-09
6.9974400434e+03    1.9907579777e-09
6.9974704765e+03    1.9849039905e-09
6.9975009096e+03    1.9790758284e-09
6.9975313427e+03    1.9732733397e-09
6.9975617758e+03    1.9674963734e-09
6.9975922089e+03    1.9617447799e-09
6.9976226420e+03    1.9560184106e-09
6.9976530751e+03    1.9503171179e-09
6.9976835082e+03    1.9446407555e-09
6.9977139413e+03    1.9389891780e-09
6.9977443744e+03    1.9333622410e-09
6.9977748075e+03    1.9277598014e-09
6.9978052406e+03    1.9221817169e-09
6.9978356737e+03    1.9166278463e-09
6.9978661068e+03    1.9110980495e-09
6.9978965399e+03    1.9055921873e-09
6.9979269730e+03    1.9001101216e-09
6.9979574061e+03    1.8946517153e-09
6.9979878392e+03    1.8892168323e-09
6.9980182723e+03    1.8838053372e-09
6.9980487054e+03    1.8784170960e-09
6.9980791385e+03    1.8730519754e-09
6.9981095716e+03    1.8677098431e-09
6.9981400047e+03    1.8623905677e-09
6.9981704378e+03    1.8570940190e-09
6.9982008709e+03    1.8518200673e-09
6.9982313040e+03    1.8465685842e-09
6.9982617371e+03    1.8413394420e-09
6.9982921702e+03    1.8361325140e-09
6.9983226033e+03    1.8309476743e-09
6.9983530364e+03    1.8257847981e-09
6.9983834695e+03    1.8206437612e-09
6.9984139026e+03    1.8155244405e-09
6.9984443357e+03    1.8104267137e-09
6.9984747688e+03    1.8053504593e-09
6.9985052019e+03    1.8002955568e-09
6.9985356350e+03    1.7952618863e-09
6.9985660681e+03    1.7902493290e-09
6.9985965012e+03    1.7852577667e-09
6.9986269343e+03    1.7802870823e-09
6.9986573674e+03    1.7753371593e-09
6.9986878005e+03    1.7704078821e-09
6.9987182336e+03    1.7654991358e-09
6.9987486667e+03    1.7606108065e-09
6.9987790998e+03    1.7557427808e-09
6.9988095329e+03    1.7325135235e-09
6.9988399660e+03    1.7277303986e-09
6.9988703991e+03    1.7229670801e-09
6.9989008322e+03    1.7182234587e-09
6.9989312653e+03    1.7134994258e-09
6.9989616984e+03    1.7087948734e-09
6.9989921315e+03    1.7041096947e-09
6.9990225646e+03    1.6994437830e-09
6.9990529977e+03    1.6947970330e-09
6.9990834308e+03    1.6901693395e-09
6.9991138639e+03    1.6855605985e-09
6.9991442970e+03    1.6809707065e-09
6.9991747301e+03    1.6763995607e-09
6.9992051632e+03    1.6718470590e-09
6.9992355963e+03    1.6673131000e-09
6.9992660294e+03    1.6627975831e-09
6.9992964625e+03    1.6583004083e-09
6.9993268956e+03    1.6538214762e-09
6.9993573287e+03    1.6493606881e-09
6.9993877618e+03    1.6449179462e-09
6.9994181949e+03    1.6404931530e-09
6.9994486280e+03    1.6236332508e-09
6.9994790611e+03    1.6042700010e-09
6.9995094942e+03    1.5999650130e-09
6.9995399273e+03    1.5900334010e-09
6.9995703604e+03    1.5814913874e-09
6.9996007935e+03    1.5538215088e-09
6.9996312266e+03    1.5404333332e-09
6.9996616597e+03    1.5363170176e-09
6.9996920928e+03    1.5322171939e-09
6.9997225259e+03    1.5281337740e-09
6.9997529590e+03    1.5240666705e-09
6.9997833921e+03    1.5200157963e-09
6.9998138252e+03    1.5076552210e-09
6.9998442583e+03    1.4817393122e-09
6.9998746914e+03    1.4778099581e-09
6.9999051245e+03    1.4738962250e-09
6.9999355576e+03    1.4699980301e-09
6.9999659907e+03    1.4661152913e-09
6.9999964238e+03    1.4622479269e-09
7.0000268569e+03    1.4583958557e-09
7.0000572900e+03    1.4545589972e-09
7.0000877231e+03    1.4507372713e-09
7.0001181562e+03    1.4469305985e-09
7.0001485893e+03    1.4292915777e-09
7.0001790224e+03    1.4163661826e-09
7.0002094555e+03    1.4126599786e-09
7.0002398886e+03    1.4089683121e-09
7.0002703217e+03    1.4052911071e-09
7.0003007548e+03    1.3977303700e-09
7.0003311879e+03    1.3940913222e-09
7.0003616210e+03    1.3879223629e-09
7.0003920541e+03    1.3843178231e-09
7.0004224872e+03    1.3807273157e-09
7.0004529203e+03    1.3771507679e-09
7.0004833534e+03    1.3735881075e-09
7.0005137865e+03    1.3565703583e-09
7.0005442196e+03    1.3359959474e-09
7.0005746527e+03    1.3325485226e-09
7.0006050858e+03    1.3291144315e-09
7.0006355189e+03    1.3256936056e-09
7.0006659520e+03    1.3222859766e-09
7.0006963851e+03    1.3188914765e-09
7.0007268182e+03    1.3155100381e-09
7.0007572513e+03    1.2618250661e-09
7.0007876844e+03    1.2585917199e-09
7.0008181175e+03    1.2241185677e-09
7.0008485506e+03    1.2209858388e-09
7.0008789837e+03    1.2178651253e-09
7.0009094168e+03    1.2147563658e-09
7.0009398499e+03    1.2116594991e-09
7.0009702830e+03    1.2085744648e-09
7.0010007161e+03    1.2055012025e-09
7.0010311492e+03    1.1818696009e-09
7.0010615823e+03    1.1674140341e-09
7.0010920154e+03    1.1408785019e-09
7.0011224485e+03    1.1080009025e-09
7.0011528816e+03    1.1051923871e-09
7.0011833147e+03    1.0593654575e-09
7.0012137478e+03    1.0566826357e-09
7.0012441809e+03    1.0540099949e-09
7.0012746140e+03    1.0247845621e-09
7.0013050471e+03    1.0118470012e-09
7.0013354802e+03    9.9596666393e-10
7.0013659133e+03    9.9345564524e-10
7.0013963464e+03    9.8134166311e-10
7.0014267795e+03    9.7887290758e-10
7.0014572126e+03    9.6051351024e-10
7.0014876457e+03    9.3899630590e-10
7.0015180788e+03    9.3664016116e-10
7.0015485119e+03    9.3429287488e-10
7.0015789450e+03    9.0161756207e-10
7.0016093781e+03    8.5851211719e-10
7.0016398112e+03    8.3660255193e-10
7.0016702443e+03    8.3070920988e-10
7.0017006774e+03    7.8880243148e-10
7.0017311105e+03    7.8683154113e-10
7.0017615436e+03    7.8486802881e-10
7.0017919767e+03    7.5690736314e-10
7.0018224098e+03    6.9694231063e-10
7.0018528429e+03    6.9520451151e-10
7.0018832760e+03    6.9347320422e-10
7.0019137091e+03    6.8432753802e-10
7.0019441422e+03    6.6724508023e-10
7.0019745753e+03    5.9342981838e-10
7.0020050084e+03    5.8578356721e-10
7.0020354415e+03    5.8432868699e-10
7.0020658746e+03    5.5171778331e-10
7.0020963077e+03    5.0602311229e-10
7.0021267408e+03    5.0476732465e-10
7.0021571739e+03    4.8428240210e-10
7.0021876070e+03    4.2351137706e-10
7.0022180401e+03    4.2246068294e-10
7.0022484732e+03    4.2141389362e-10
7.0022789063e+03    4.2037098977e-10
7.0023093394e+03    3.7277453422e-10
7.0023397725e+03    3.7185233563e-10
7.0023702056e+03    3.3588987893e-10
7.0024006387e+03    3.3505959710e-10
7.0024310718e+03    2.8799829755e-10
7.0024615049e+03    2.8728637212e-10
7.0024919380e+03    2.8657708277e-10
7.0025223711e+03    2.8587041650e-10
7.0025528042e+03    2.8516636039e-10
7.0025832373e+03    2.8446490160e-10
7.0026136704e+03    2.6942297663e-10
7.0026441035e+03    2.6457993665e-10
7.0026745366e+03    2.4576666652e-10
7.0027049697e+03    1.9792190929e-10
7.0027354028e+03    1.9743636894e-10
7.0027658359e+03    1.9695261273e-10
7.0027962690e+03    1.9188934591e-10
7.0028267021e+03    1.9142025394e-10
7.0028571352e+03    1.5268406447e-10
7.0028875683e+03    1.3512705218e-10
7.0029180014e+03    1.0162145209e-10
7.0029484345e+03    1.0137349498e-10
7.0029788676e+03    1.0048857997e-10
7.0030093007e+03    7.6276934595e-11
7.0030397338e+03    4.0465972093e-11
7.0030701669e+03    1.5864691751e-11
