6.9439707000e+03    1.0562290621e-11
6.9439996453e+03    1.0586776119e-11
6.9440285906e+03    1.0611346841e-11
6.9440575359e+03    1.0636003183e-11
6.9440864812e+03    1.0660745543e-11
6.9441154265e+03    1.0685574323e-11
6.9441443718e+03    1.0710489924e-11
6.9441733171e+03    1.0735492752e-11
6.9442022624e+03    1.0760583215e-11
6.9442312077e+03    1.0785761722e-11
6.9442601530e+03    1.0811028686e-11
6.9442890983e+03    1.0836384521e-11
6.9443180436e+03    1.0861829645e-11
6.9443469889e+03    1.0887364477e-11
6.9443759342e+03    1.0912989440e-11
6.9444048795e+03    5.7076901114e-11
6.9444338248e+03    5.7209771760e-11
6.9444627701e+03    1.3130494854e-10
6.9444917154e+03    1.3161026735e-10
6.9445206607e+03    1.3191665213e-10
6.9445496060e+03    1.3222410784e-10
6.9445785513e+03    1.3253263947e-10
6.9446074966e+03    1.3284225206e-10
6.9446364419e+03    1.7247102025e-10
6.9446653872e+03    1.7287399956e-10
6.9446943325e+03    1.7327839261e-10
6.9447232778e+03    1.7368420604e-10
6.9447522231e+03    2.3075603233e-10
6.9447811684e+03    2.3129619326e-10
6.9448101137e+03    2.3183825275e-10
6.9448390590e+03    2.3238221971e-10
6.9448680043e+03    2.3292810309e-10
6.9448969496e+03    2.3347591190e-10
6.9449258949e+03    2.3402565521e-10
6.9449548402e+03    2.3457734214e-10
6.9449837855e+03    2.3513098185e-10
6.9450127308e+03    2.3568658358e-10
6.9450416761e+03    2.3624415660e-10
6.9450706214e+03    2.3680371025e-10
6.9450995667e+03    2.3736525392e-10
6.9451285120e+03    2.3792879706e-10
6.9451574573e+03    2.3849434916e-10
6.9451864026e+03    2.3906191979e-10
6.9452153479e+03    2.3963151856e-10
6.9452442932e+03    2.4020315515e-10
6.9452732385e+03    2.4077683928e-10
6.9453021838e+03    2.4135258075e-10
6.9453311291e+03    2.4193038940e-10
6.9453600744e+03    2.4251027513e-10
6.9453890197e+03    2.4309224793e-10
6.9454179650e+03    2.4367631780e-10
6.9454469103e+03    2.4426249484e-10
6.9454758556e+03    2.4485078919e-10
6.9455048009e+03    2.4544121106e-10
6.9455337462e+03    2.4603377072e-10
6.9455626915e+03    2.4662847850e-10
6.9455916368e+03    2.4722534480e-10
6.9456205821e+03    2.4782438007e-10
6.9456495274e+03    2.4842559482e-10
6.9456784727e+03    2.4902899966e-10
6.9457074180e+03    2.4963460522e-10
6.9457363633e+03    2.5024242222e-10
6.9457653086e+03    2.5085246143e-10
6.9457942539e+03    2.5146473370e-10
6.9458231992e+03    2.5207924994e-10
6.9458521445e+03    2.5269602113e-10
6.9458810898e+03    2.5331505831e-10
6.9459100351e+03    2.5393637259e-10
6.9459389804e+03    2.5455997515e-10
6.9459679257e+03    2.5518587725e-10
6.9459968710e+03    2.5581409019e-10
6.9460258163e+03    2.5644462538e-10
6.9460547616e+03    2.5707749425e-10
6.9460837069e+03    2.5771270836e-10
6.9461126522e+03    2.5835027928e-10
6.9461415975e+03    2.5899021870e-10
6.9461705428e+03    2.5963253836e-10
6.9461994881e+03    2.6027725008e-10
6.9462284334e+03    2.6092436574e-10
6.9462573787e+03    2.6157389731e-10
6.9462863240e+03    2.6222585683e-10
6.9463152693e+03    2.6288025642e-10
6.9463442146e+03    2.6353710826e-10
6.9463731599e+03    2.6419642461e-10
6.9464021052e+03    2.6485821783e-10
6.9464310505e+03    2.6552250032e-10
6.9464599958e+03    2.6618928460e-10
6.9464889411e+03    2.6685858323e-10
6.9465178864e+03    2.6753040887e-10
6.9465468317e+03    2.6820477425e-10
6.9465757770e+03    2.6888169219e-10
6.9466047223e+03    2.6956117559e-10
6.9466336676e+03    2.7024323742e-10
6.9466626129e+03    2.7092789075e-10
6.9466915582e+03    2.7161514871e-10
6.9467205035e+03    2.7230502454e-10
6.9467494488e+03    2.7299753154e-10
6.9467783941e+03    2.7369268311e-10
6.9468073394e+03    2.7439049272e-10
6.9468362847e+03    2.7509097395e-10
6.9468652300e+03    2.7579414044e-10
6.9468941753e+03    2.7650000594e-10
6.9469231206e+03    2.7720858428e-10
6.9469520659e+03    2.7791988937e-10
6.9469810112e+03    2.7863393521e-10
6.9470099565e+03    2.7935073591e-10
6.9470389018e+03    2.8007030565e-10
6.9470678471e+03    2.8079265871e-10
6.9470967924e+03    2.8151780946e-10
6.9471257377e+03    2.8224577236e-10
6.9471546830e+03    2.8297656197e-10
6.9471836283e+03    2.8371019294e-10
6.9472125736e+03    2.8444668001e-10
6.9472415189e+03    2.8518603804e-10
6.9472704642e+03    2.8592828195e-10
6.9472994095e+03    2.8667342678e-10
6.9473283548e+03    2.8742148767e-10
6.9473573001e+03    2.8817247985e-10
6.9473862454e+03    2.8892641864e-10
6.9474151907e+03    2.8968331950e-10
6.9474441360e+03    2.9044319793e-10
6.9474730813e+03    2.9120606959e-10
6.9475020266e+03    2.9197195021e-10
6.9475309719e+03    2.9274085563e-10
6.9475599172e+03    2.9351280180e-10
6.9475888625e+03    2.9428780477e-10
6.9476178078e+03    2.9506588069e-10
6.9476467531e+03    2.9584704584e-10
6.9476756984e+03    2.9663131658e-10
6.9477046437e+03    2.9741870939e-10
6.9477335890e+03    2.9820924087e-10
6.9477625343e+03    3.1751066962e-10
6.9477914796e+03    3.1835048254e-10
6.9478204249e+03    3.1919363423e-10
6.9478493702e+03    3.2004014243e-10
6.9478783155e+03    3.2089002499e-10
6.9479072608e+03    3.2174329988e-10
6.9479362061e+03    3.2259998519e-10
6.9479651514e+03    3.2346009913e-10
6.9479940967e+03    3.2432366003e-10
6.9480230420e+03    3.2519068635e-10
6.9480519873e+03    3.2606119665e-10
6.9480809326e+03    3.2693520966e-10
6.9481098779e+03    3.2781274419e-10
6.9481388232e+03    3.2869381920e-10
6.9481677685e+03    3.2957845378e-10
6.9481967138e+03    3.3046666713e-10
6.9482256591e+03    3.3135847861e-10
6.9482546044e+03    3.3225390767e-10
6.9482835497e+03    3.3315297393e-10
6.9483124950e+03    3.3405569713e-10
6.9483414403e+03    3.3496209714e-10
6.9483703856e+03    3.3587219396e-10
6.9483993309e+03    3.3678600774e-10
6.9484282762e+03    3.7617218487e-10
6.9484572215e+03    3.7718270701e-10
6.9484861668e+03    3.8686732962e-10
6.9485151121e+03    3.9320968571e-10
6.9485440574e+03    3.9426502559e-10
6.9485730027e+03    3.9532463443e-10
6.9486019480e+03    3.9638853537e-10
6.9486308933e+03    3.9745675168e-10
6.9486598386e+03    4.1172741696e-10
6.9486887839e+03    4.1283495773e-10
6.9487177292e+03    4.1394699137e-10
6.9487466745e+03    4.2980009001e-10
6.9487756198e+03    4.3095537971e-10
6.9488045651e+03    4.4094910613e-10
6.9488335104e+03    4.4857636646e-10
6.9488624557e+03    4.5585463124e-10
6.9488914010e+03    4.6290189705e-10
6.9489203463e+03    4.6414429019e-10
6.9489492916e+03    4.7166016185e-10
6.9489782369e+03    4.7292720224e-10
6.9490071822e+03    4.8341503705e-10
6.9490361275e+03    4.8471375469e-10
6.9490650728e+03    4.8601774485e-10
6.9490940181e+03    4.8732703629e-10
6.9491229634e+03    4.9897370426e-10
6.9491519087e+03    5.0031764335e-10
6.9491808540e+03    5.0166705451e-10
6.9492097993e+03    5.0791581082e-10
6.9492387446e+03    5.1452482899e-10
6.9492676899e+03    5.1591437570e-10
6.9492966352e+03    5.1730959744e-10
6.9493255805e+03    5.1871052537e-10
6.9493545258e+03    5.3610752257e-10
6.9493834711e+03    5.3755703129e-10
6.9494124164e+03    5.5577352297e-10
6.9494413617e+03    5.6724406675e-10
6.9494703070e+03    5.6877361989e-10
6.9494992523e+03    5.7030941818e-10
6.9495281976e+03    5.7185149590e-10
6.9495571429e+03    5.8499342538e-10
6.9495860882e+03    6.0255077025e-10
6.9496150335e+03    6.0417594207e-10
6.9496439788e+03    6.0580775612e-10
6.9496729241e+03    6.0744624894e-10
6.9497018694e+03    6.2937612708e-10
6.9497308147e+03    6.3107512893e-10
6.9497597600e+03    6.3278108451e-10
6.9497887053e+03    6.3449403215e-10
6.9498176506e+03    6.5371794309e-10
6.9498465959e+03    6.7735480512e-10
6.9498755412e+03    6.7918045438e-10
6.9499044865e+03    6.8101357062e-10
6.9499334318e+03    6.8285419500e-10
6.9499623771e+03    6.8470236898e-10
6.9499913224e+03    6.8655813433e-10
6.9500202677e+03    7.0921885465e-10
6.9500492130e+03    7.1113816455e-10
6.9500781583e+03    7.1306536077e-10
6.9501071036e+03    7.8214974569e-10
6.9501360489e+03    7.8424863907e-10
6.9501649942e+03    8.1470641477e-10
6.9501939395e+03    8.1688824667e-10
6.9502228848e+03    8.5124847760e-10
6.9502518301e+03    8.5352272280e-10
6.9502807754e+03    8.8623535777e-10
6.9503097207e+03    9.2803578265e-10
6.9503386660e+03    9.3050016406e-10
6.9503676113e+03    9.3354171800e-10
6.9503965566e+03    9.3819964325e-10
6.9504255019e+03    9.4070043284e-10
6.9504544472e+03    9.4321137037e-10
6.9504833925e+03    9.4573251157e-10
6.9505123378e+03    9.6885175371e-10
6.9505412831e+03    9.7144121165e-10
6.9505702284e+03    1.0133526645e-09
6.9505991737e+03    1.0160544419e-09
6.9506281190e+03    1.0370336753e-09
6.9506570643e+03    1.0397998353e-09
6.9506860096e+03    1.0868115036e-09
6.9507149549e+03    1.0897028424e-09
6.9507439002e+03    1.0926059051e-09
6.9507728455e+03    1.1180823575e-09
6.9508017908e+03    1.1210613893e-09
6.9508307361e+03    1.1475302412e-09
6.9508596814e+03    1.1505879988e-09
6.9508886267e+03    1.1647592755e-09
6.9509175720e+03    1.1678677006e-09
6.9509465173e+03    1.1780876800e-09
6.9509754626e+03    1.1812379453e-09
6.9510044079e+03    1.1880288501e-09
6.9510333532e+03    1.1966533526e-09
6.9510622985e+03    1.1998634332e-09
6.9510912438e+03    1.2211247266e-09
6.9511201891e+03    1.2244029950e-09
6.9511491344e+03    1.2276946922e-09
6.9511780797e+03    1.2472716977e-09
6.9512070250e+03    1.2816156340e-09
6.9512359703e+03    1.3155622561e-09
6.9512649156e+03    1.3190893479e-09
6.9512938609e+03    1.3459263667e-09
6.9513228062e+03    1.3778111004e-09
6.9513517515e+03    1.3815015414e-09
6.9513806968e+03    1.3852070804e-09
6.9514096421e+03    1.4367093851e-09
6.9514385874e+03    1.4405562170e-09
6.9514675327e+03    1.4444187864e-09
6.9514964780e+03    1.4660638439e-09
6.9515254233e+03    1.5027288712e-09
6.9515543686e+03    1.5067564868e-09
6.9515833139e+03    1.5108006026e-09
6.9516122592e+03    1.5664470774e-09
6.9516412045e+03    1.5706441703e-09
6.9516701498e+03    1.5748584581e-09
6.9516990951e+03    1.6159678497e-09
6.9517280404e+03    1.6203023864e-09
6.9517569857e+03    1.6246547058e-09
6.9517859310e+03    1.6424772327e-09
6.9518148763e+03    1.6751410019e-09
6.9518438216e+03    1.7058573652e-09
6.9518727669e+03    1.7164608116e-09
6.9519017122e+03    1.7210760718e-09
6.9519306575e+03    1.7257103231e-09
6.9519596028e+03    1.7303636720e-09
6.9519885481e+03    1.7350362257e-09
6.9520174934e+03    1.7397280921e-09
6.9520464387e+03    1.7444393800e-09
6.9520753840e+03    1.7491701989e-09
6.9521043293e+03    1.7539206590e-09
6.9521332746e+03    1.7586908716e-09
6.9521622199e+03    1.7634809484e-09
6.9521911652e+03    1.7682910022e-09
6.9522201105e+03    1.7731211466e-09
6.9522490558e+03    1.7779714958e-09
6.9522780011e+03    1.7828421651e-09
6.9523069464e+03    1.7877332706e-09
6.9523358917e+03    1.7926449290e-09
6.9523648370e+03    1.7975772581e-09
6.9523937823e+03    1.8025303764e-09
6.9524227276e+03    1.8075044036e-09
6.9524516729e+03    1.8124994598e-09
6.9524806182e+03    1.8175156664e-09
6.9525095635e+03    1.8225531453e-09
6.9525385088e+03    1.8276120198e-09
6.9525674541e+03    1.8326924136e-09
6.9525963994e+03    1.8377944516e-09
6.9526253447e+03    1.8429182596e-09
6.9526542900e+03    1.8480639644e-09
6.9526832353e+03    1.8532316934e-09
6.9527121806e+03    1.8584215755e-09
6.9527411259e+03    1.8636337401e-09
6.9527700712e+03    1.8688683177e-09
6.9527990165e+03    1.8741254400e-09
6.9528279618e+03    1.8794052393e-09
6.9528569071e+03    1.8847078491e-09
6.9528858524e+03    1.8900334041e-09
6.9529147977e+03    1.8953820396e-09
6.9529437430e+03    1.9007538923e-09
6.9529726883e+03    1.9061490997e-09
6.9530016336e+03    1.9115678004e-09
6.9530305789e+03    1.9170101341e-09
6.9530595242e+03    1.9224762416e-09
6.9530884695e+03    1.9279662646e-09
6.9531174148e+03    1.9334803461e-09
6.9531463601e+03    1.9390186300e-09
6.9531753054e+03    1.9445812615e-09
6.9532042507e+03    1.9501683867e-09
6.9532331960e+03    1.9557801529e-09
6.9532621413e+03    1.9614167087e-09
6.9532910866e+03    1.9670782036e-09
6.9533200319e+03    1.9727647884e-09
6.9533489772e+03    1.9784766151e-09
6.9533779225e+03    1.9842138367e-09
6.9534068678e+03    1.9899766076e-09
6.9534358131e+03    1.9957650832e-09
6.9534647584e+03    2.0015794204e-09
6.9534937037e+03    2.0074197769e-09
6.9535226490e+03    2.0132863121e-09
6.9535515943e+03    2.0191791864e-09
6.9535805396e+03    2.0250985613e-09
6.9536094849e+03    2.0310446000e-09
6.9536384302e+03    2.0370174666e-09
6.9536673755e+03    2.0430173267e-09
6.9536963208e+03    2.0490443471e-09
6.9537252661e+03    2.0550986961e-09
6.9537542114e+03    2.0611805431e-09
6.9537831567e+03    2.0672900590e-09
6.9538121020e+03    2.0734274161e-09
6.9538410473e+03    2.0795927878e-09
6.9538699926e+03    2.0857863493e-09
6.9538989379e+03    2.0920082768e-09
6.9539278832e+03    2.0982587483e-09
6.9539568285e+03    2.1045379429e-09
6.9539857738e+03    2.1108460414e-09
6.9540147191e+03    2.1171832258e-09
6.9540436644e+03    2.1235496798e-09
6.9540726097e+03    2.1299455885e-09
6.9541015550e+03    2.1363711385e-09
6.9541305003e+03    2.1428265180e-09
6.9541594456e+03    2.1493119164e-09
6.9541883909e+03    2.1558275252e-09
6.9542173362e+03    2.1623735370e-09
6.9542462815e+03    2.1689501462e-09
6.9542752268e+03    2.1755575488e-09
6.9543041721e+03    2.1821959422e-09
6.9543331174e+03    2.1888655258e-09
6.9543620627e+03    2.1955665002e-09
6.9543910080e+03    2.2022990680e-09
6.9544199533e+03    2.2090634335e-09
6.9544488986e+03    2.2158598023e-09
6.9544778439e+03    2.2226883821e-09
6.9545067892e+03    2.2295493823e-09
6.9545357345e+03    2.2364430139e-09
6.9545646798e+03    2.2433694896e-09
6.9545936251e+03    2.2503290242e-09
6.9546225704e+03    2.2573218339e-09
6.9546515157e+03    2.2643481371e-09
6.9546804610e+03    2.2714081538e-09
6.9547094063e+03    2.2785021060e-09
6.9547383516e+03    2.2856302174e-09
6.9547672969e+03    2.2927927138e-09
6.9547962422e+03    2.2999898228e-09
6.9548251875e+03    2.3072217739e-09
6.9548541328e+03    2.3144887988e-09
6.9548830781e+03    2.3217911308e-09
6.9549120234e+03    2.3291290055e-09
6.9549409687e+03    2.3365026604e-09
6.9549699140e+03    2.3439123351e-09
6.9549988593e+03    2.3513582713e-09
6.9550278046e+03    2.3588407125e-09
6.9550567499e+03    2.3663599048e-09
6.9550856952e+03    2.3739160959e-09
6.9551146405e+03    2.3815095362e-09
6.9551435858e+03    2.3891404777e-09
6.9551725311e+03    2.3968091751e-09
6.9552014764e+03    2.4045158850e-09
6.9552304217e+03    2.4122608665e-09
6.9552593670e+03    2.4200443806e-09
6.9552883123e+03    2.4278666911e-09
6.9553172576e+03    2.4357280637e-09
6.9553462029e+03    2.4436287667e-09
6.9553751482e+03    2.4515690705e-09
6.9554040935e+03    2.4595492483e-09
6.9554330388e+03    2.4675695754e-09
6.9554619841e+03    2.4756303296e-09
6.9554909294e+03    2.4837317913e-09
6.9555198747e+03    2.4918742433e-09
6.9555488200e+03    2.5000579710e-09
6.9555777653e+03    2.5082832623e-09
6.9556067106e+03    2.5165504078e-09
6.9556356559e+03    2.5248597006e-09
6.9556646012e+03    2.5332114365e-09
6.9556935465e+03    2.5416059139e-09
6.9557224918e+03    2.5500434341e-09
6.9557514371e+03    2.5585243008e-09
6.9557803824e+03    2.5670488210e-09
6.9558093277e+03    2.5756173039e-09
6.9558382730e+03    2.5842300620e-09
6.9558672183e+03    2.5928874103e-09
6.9558961636e+03    2.6015896671e-09
6.9559251089e+03    2.6103371532e-09
6.9559540542e+03    2.6191301927e-09
6.9559829995e+03    2.6279691125e-09
6.9560119448e+03    2.6368542426e-09
6.9560408901e+03    2.6457859161e-09
6.9560698354e+03    2.6547644691e-09
6.9560987807e+03    2.6637902409e-09
6.9561277260e+03    2.6728635739e-09
6.9561566713e+03    2.6819848140e-09
6.9561856166e+03    2.6911543099e-09
6.9562145619e+03    2.7003724139e-09
6.9562435072e+03    2.7096394816e-09
6.9562724525e+03    2.7189558717e-09
6.9563013978e+03    2.7283219466e-09
6.9563303431e+03    2.7377380721e-09
6.9563592884e+03    2.7472046173e-09
6.9563882337e+03    2.7567219549e-09
6.9564171790e+03    2.7662904613e-09
6.9564461243e+03    2.7759105164e-09
6.9564750696e+03    2.7855825037e-09
6.9565040149e+03    2.7953068104e-09
6.9565329602e+03    2.8050838275e-09
6.9565619055e+03    2.8149139499e-09
6.9565908508e+03    2.8247975759e-09
6.9566197961e+03    2.8347351082e-09
6.9566487414e+03    2.8447269531e-09
6.9566776867e+03    2.8547735208e-09
6.9567066320e+03    2.8648752259e-09
6.9567355773e+03    2.8750324865e-09
6.9567645226e+03    2.8852457254e-09
6.9567934679e+03    2.8955153692e-09
6.9568224132e+03    2.9058418487e-09
6.9568513585e+03    2.9162255991e-09
6.9568803038e+03    2.9266670599e-09
6.9569092491e+03    2.9371666750e-09
6.9569381944e+03    2.9477248925e-09
6.9569671397e+03    2.9583421653e-09
6.9569960850e+03    2.9690189505e-09
6.9570250303e+03    2.9797557102e-09
6.9570539756e+03    2.9905529107e-09
6.9570829209e+03    3.0014110233e-09
6.9571118662e+03    3.0123305239e-09
6.9571408115e+03    3.0233118934e-09
6.9571697568e+03    3.0343556174e-09
6.9571987021e+03    3.0454621866e-09
6.9572276474e+03    3.0566320966e-09
6.9572565927e+03    3.0678658480e-09
6.9572855380e+03    3.0791639468e-09
6.9573144833e+03    3.0905269039e-09
6.9573434286e+03    3.1019552356e-09
6.9573723739e+03    3.1134494637e-09
6.9574013192e+03    3.1250101151e-09
6.9574302645e+03    3.1366377223e-09
6.9574592098e+03    3.1483328234e-09
6.9574881551e+03    3.1600959621e-09
6.9575171004e+03    3.1719276876e-09
6.9575460457e+03    3.1838285552e-09
6.9575749910e+03    3.1957991257e-09
6.9576039363e+03    3.2078399660e-09
6.9576328816e+03    3.2199516490e-09
6.9576618269e+03    3.2321347536e-09
6.9576907722e+03    3.2443898648e-09
6.9577197175e+03    3.2567175739e-09
6.9577486628e+03    3.2691184785e-09
6.9577776081e+03    3.2815931826e-09
6.9578065534e+03    3.2941422967e-09
6.9578354987e+03    3.3067664378e-09
6.9578644440e+03    3.3194662296e-09
6.9578933893e+03    3.3322423026e-09
6.9579223346e+03    3.3450952939e-09
6.9579512799e+03    3.3580258478e-09
6.9579802252e+03    3.3710346155e-09
6.9580091705e+03    3.3841222554e-09
6.9580381158e+03    3.3972894329e-09
6.9580670611e+03    3.4105368208e-09
6.9580960064e+03    3.4238650995e-09
6.9581249517e+03    3.4372749567e-09
6.9581538970e+03    3.4507670877e-09
6.9581828423e+03    3.4643421957e-09
6.9582117876e+03    3.4780009916e-09
6.9582407329e+03    3.4917441941e-09
6.9582696782e+03    3.5055725302e-09
6.9582986235e+03    3.5194867349e-09
6.9583275688e+03    3.5334875515e-09
6.9583565141e+03    3.5475757317e-09
6.9583854594e+03    3.5617520357e-09
6.9584144047e+03    3.5760172323e-09
6.9584433500e+03    3.5903720991e-09
6.9584722953e+03    3.6048174224e-09
6.9585012406e+03    3.6193539978e-09
6.9585301859e+03    3.6339826296e-09
6.9585591312e+03    3.6487041317e-09
6.9585880765e+03    3.6635193272e-09
6.9586170218e+03    3.6784290489e-09
6.9586459671e+03    3.6934341390e-09
6.9586749124e+03    3.7085354497e-09
6.9587038577e+03    3.7237338430e-09
6.9587328030e+03    3.7390301911e-09
6.9587617483e+03    3.7544253763e-09
6.9587906936e+03    3.7699202913e-09
6.9588196389e+03    3.7855158395e-09
6.9588485842e+03    3.8012129348e-09
6.9588775295e+03    3.8170125020e-09
6.9589064748e+03    3.8329154767e-09
6.9589354201e+03    3.8489228061e-09
6.9589643654e+03    3.8650354483e-09
6.9589933107e+03    3.8812543732e-09
6.9590222560e+03    3.8975805621e-09
6.9590512013e+03    3.9140150083e-09
6.9590801466e+03    3.9305587172e-09
6.9591090919e+03    3.9472127062e-09
6.9591380372e+03    3.9639780053e-09
6.9591669825e+03    3.9808556569e-09
6.9591959278e+03    3.9978467162e-09
6.9592248731e+03    4.0149522514e-09
6.9592538184e+03    4.0321733439e-09
6.9592827637e+03    4.0495110884e-09
6.9593117090e+03    4.0669665931e-09
6.9593406543e+03    4.0845409802e-09
6.9593695996e+03    4.1022353856e-09
6.9593985449e+03    4.1200509597e-09
6.9594274902e+03    4.1379888670e-09
6.9594564355e+03    4.1560502871e-09
6.9594853808e+03    4.1742364140e-09
6.9595143261e+03    4.1925484571e-09
6.9595432714e+03    4.2109876411e-09
6.9595722167e+03    4.2295552064e-09
6.9596011620e+03    4.2482524091e-09
6.9596301073e+03    4.2670805214e-09
6.9596590526e+03    4.2860408320e-09
6.9596879979e+03    4.3051346460e-09
6.9597169432e+03    4.3243632857e-09
6.9597458885e+03    4.3437280903e-09
6.9597748338e+03    4.3632304165e-09
6.9598037791e+03    4.3828716388e-09
6.9598327244e+03    4.4026531496e-09
6.9598616697e+03    4.4225763598e-09
6.9598906150e+03    4.4426426987e-09
6.9599195603e+03    4.4628536145e-09
6.9599485056e+03    4.4832105748e-09
6.9599774509e+03    4.5037150667e-09
6.9600063962e+03    4.5243685971e-09
6.9600353415e+03    4.5451726931e-09
6.9600642868e+03    4.5661289024e-09
6.9600932321e+03    4.5872387934e-09
6.9601221774e+03    4.6085039561e-09
6.9601511227e+03    4.6299260018e-09
6.9601800680e+03    4.6515065638e-09
6.9602090133e+03    4.6732472978e-09
6.9602379586e+03    4.6951498821e-09
6.9602669039e+03    4.7172160184e-09
6.9602958492e+03    4.7394474314e-09
6.9603247945e+03    4.7618458702e-09
6.9603537398e+03    4.7844131079e-09
6.9603826851e+03    4.8071509426e-09
6.9604116304e+03    4.8300611973e-09
6.9604405757e+03    4.8531457207e-09
6.9604695210e+03    4.8764063877e-09
6.9604984663e+03    4.8998450996e-09
6.9605274116e+03    4.9234637848e-09
6.9605563569e+03    4.9472643989e-09
6.9605853022e+03    4.9712489257e-09
6.9606142475e+03    4.9954193775e-09
6.9606431928e+03    5.0197777954e-09
6.9606721381e+03    5.0443262500e-09
6.9607010834e+03    5.0690668419e-09
6.9607300287e+03    5.0940017026e-09
6.9607589740e+03    5.1191329942e-09
6.9607879193e+03    5.1444629108e-09
6.9608168646e+03    5.1699936787e-09
6.9608458099e+03    5.1957275570e-09
6.9608747552e+03    5.2216668385e-09
6.9609037005e+03    5.2478138497e-09
6.9609326458e+03    5.2741709521e-09
6.9609615911e+03    5.3007405425e-09
6.9609905364e+03    5.3275250537e-09
6.9610194817e+03    5.3545269552e-09
6.9610484270e+03    5.3817487539e-09
6.9610773723e+03    5.4091929948e-09
6.9611063176e+03    5.4368622617e-09
6.9611352629e+03    5.4647591781e-09
6.9611642082e+03    5.4928864076e-09
6.9611931535e+03    5.5212466550e-09
6.9612220988e+03    5.5498426671e-09
6.9612510441e+03    5.5786772332e-09
6.9612799894e+03    5.6077531863e-09
6.9613089347e+03    5.6370734036e-09
6.9613378800e+03    5.6666408077e-09
6.9613668253e+03    5.6964583673e-09
6.9613957706e+03    5.7265290981e-09
6.9614247159e+03    5.7568560637e-09
6.9614536612e+03    5.7874423768e-09
6.9614826065e+03    5.8182912000e-09
6.9615115518e+03    5.8494057466e-09
6.9615404971e+03    5.8807892821e-09
6.9615694424e+03    5.9124451246e-09
6.9615983877e+03    5.9443766468e-09
6.9616273330e+03    5.9765872760e-09
6.9616562783e+03    6.0090804960e-09
6.9616852236e+03    6.0418598482e-09
6.9617141689e+03    6.0749289324e-09
6.9617431142e+03    6.1082914082e-09
6.9617720595e+03    6.1419509964e-09
6.9618010048e+03    6.1759114802e-09
6.9618299501e+03    6.2101767061e-09
6.9618588954e+03    6.2447505861e-09
6.9618878407e+03    6.2796370981e-09
6.9619167860e+03    6.3148402879e-09
6.9619457313e+03    6.3503642707e-09
6.9619746766e+03    6.3862132321e-09
6.9620036219e+03    6.4223914300e-09
6.9620325672e+03    6.4589031962e-09
6.9620615125e+03    6.4957529376e-09
6.9620904578e+03    6.5329451382e-09
6.9621194031e+03    6.5704843607e-09
6.9621483484e+03    6.6083752482e-09
6.9621772937e+03    6.6466225258e-09
6.9622062390e+03    6.6852310028e-09
6.9622351843e+03    6.7242055741e-09
6.9622641296e+03    6.7635512225e-09
6.9622930749e+03    6.8032730205e-09
6.9623220202e+03    6.8433761322e-09
6.9623509655e+03    6.8838658157e-09
6.9623799108e+03    6.9247474249e-09
6.9624088561e+03    6.9660264118e-09
6.9624378014e+03    7.0077083287e-09
6.9624667467e+03    7.0497988308e-09
6.9624956920e+03    7.0923036781e-09
6.9625246373e+03    7.1352287380e-09
6.9625535826e+03    7.1785799881e-09
6.9625825279e+03    7.2223635184e-09
6.9626114732e+03    7.2665855340e-09
6.9626404185e+03    7.3112523582e-09
6.9626693638e+03    7.3563704345e-09
6.9626983091e+03    7.4019463305e-09
6.9627272544e+03    7.4479867398e-09
6.9627561997e+03    7.4944984860e-09
6.9627851450e+03    7.5414885250e-09
6.9628140903e+03    7.5889639490e-09
6.9628430356e+03    7.6369319891e-09
6.9628719809e+03    7.6854000190e-09
6.9629009262e+03    7.7343755589e-09
6.9629298715e+03    7.7838662782e-09
6.9629588168e+03    7.8338800002e-09
6.9629877621e+03    7.8844247053e-09
6.9630167074e+03    7.9355085350e-09
6.9630456527e+03    7.9871397962e-09
6.9630745980e+03    8.0393269654e-09
6.9631035433e+03    8.0920786926e-09
6.9631324886e+03    8.1454038061e-09
6.9631614339e+03    8.1993113169e-09
6.9631903792e+03    8.2538104237e-09
6.9632193245e+03    8.3089105174e-09
6.9632482698e+03    8.3646211861e-09
6.9632772151e+03    8.4209522206e-09
6.9633061604e+03    8.4779136196e-09
6.9633351057e+03    8.5355155950e-09
6.9633640510e+03    8.5937685776e-09
6.9633929963e+03    8.6526832232e-09
6.9634219416e+03    8.7122704184e-09
6.9634508869e+03    8.7725412869e-09
6.9634798322e+03    8.8335071959e-09
6.9635087775e+03    8.8951797628e-09
6.9635377228e+03    8.9575708619e-09
6.9635666681e+03    9.0206926316e-09
6.9635956134e+03    9.0845574815e-09
6.9636245587e+03    9.1491781004e-09
6.9636535040e+03    9.2145674636e-09
6.9636824493e+03    9.2807388410e-09
6.9637113946e+03    9.3477058058e-09
6.9637403399e+03    9.4154822427e-09
6.9637692852e+03    9.4840823571e-09
6.9637982305e+03    9.5535206838e-09
6.9638271758e+03    9.6238120971e-09
6.9638561211e+03    9.6949718204e-09
6.9638850664e+03    9.7670154360e-09
6.9639140117e+03    9.8399588964e-09
6.9639429570e+03    9.9138185343e-09
6.9639719023e+03    9.9886110745e-09
6.9640008476e+03    1.0064353645e-08
6.9640297929e+03    1.0141063791e-08
6.9640587382e+03    1.0218759484e-08
6.9640876835e+03    1.0297459136e-08
6.9641166288e+03    1.0377181617e-08
6.9641455741e+03    1.0457946261e-08
6.9641745194e+03    1.0539772889e-08
6.9642034647e+03    1.0622681816e-08
6.9642324100e+03    1.0706693873e-08
6.9642613553e+03    1.0791830420e-08
6.9642903006e+03    1.0878113362e-08
6.9643192459e+03    1.0965565166e-08
6.9643481912e+03    1.1054208884e-08
6.9643771365e+03    1.1144068164e-08
6.9644060818e+03    1.1235167276e-08
6.9644350271e+03    1.1327531126e-08
6.9644639724e+03    1.1421185283e-08
6.9644929177e+03    1.1516155996e-08
6.9645218630e+03    1.1612470218e-08
6.9645508083e+03    1.1710155630e-08
6.9645797536e+03    1.1809240663e-08
6.9646086989e+03    1.1909754527e-08
6.9646376442e+03    1.2011727234e-08
6.9646665895e+03    1.2115189625e-08
6.9646955348e+03    1.2220173403e-08
6.9647244801e+03    1.2326711154e-08
6.9647534254e+03    1.2434836389e-08
6.9647823707e+03    1.2544583564e-08
6.9648113160e+03    1.2655988123e-08
6.9648402613e+03    1.2769086526e-08
6.9648692066e+03    1.2883916290e-08
6.9648981519e+03    1.3000516023e-08
6.9649270972e+03    1.3118925465e-08
6.9649560425e+03    1.3239185528e-08
6.9649849878e+03    1.3361338339e-08
6.9650139331e+03    1.3485427285e-08
6.9650428784e+03    1.3611497058e-08
6.9650718237e+03    1.3739593705e-08
6.9651007690e+03    1.3869764677e-08
6.9651297143e+03    1.4002058880e-08
6.9651586596e+03    1.4136526737e-08
6.9651876049e+03    1.4273220236e-08
6.9652165502e+03    1.4412192998e-08
6.9652454955e+03    1.4553500333e-08
6.9652744408e+03    1.4697199314e-08
6.9653033861e+03    1.4843348835e-08
6.9653323314e+03    1.4992009692e-08
6.9653612767e+03    1.5143244654e-08
6.9653902220e+03    1.5297118541e-08
6.9654191673e+03    1.5453698308e-08
6.9654481126e+03    1.5613053129e-08
6.9654770579e+03    1.5775254490e-08
6.9655060032e+03    1.5940376281e-08
6.9655349485e+03    1.6108494898e-08
6.9655638938e+03    1.6279689342e-08
6.9655928391e+03    1.6454041334e-08
6.9656217844e+03    1.6631635425e-08
6.9656507297e+03    1.6812559115e-08
6.9656796750e+03    1.6996902986e-08
6.9657086203e+03    1.7184760824e-08
6.9657375656e+03    1.7376229767e-08
6.9657665109e+03    1.7571410445e-08
6.9657954562e+03    1.7770407138e-08
6.9658244015e+03    1.7973327932e-08
6.9658533468e+03    1.8180284893e-08
6.9658822921e+03    1.8391394245e-08
6.9659112374e+03    1.8606776555e-08
6.9659401827e+03    1.8826556934e-08
6.9659691280e+03    1.9050865246e-08
6.9659980733e+03    1.9279836324e-08
6.9660270186e+03    1.9513610205e-08
6.9660559639e+03    1.9752332371e-08
6.9660849092e+03    1.9996154010e-08
6.9661138545e+03    2.0245232286e-08
6.9661427998e+03    2.0499730626e-08
6.9661717451e+03    2.0759819024e-08
6.9662006904e+03    2.1025674357e-08
6.9662296357e+03    2.1297480732e-08
6.9662585810e+03    2.1575429834e-08
6.9662875263e+03    2.1859721312e-08
6.9663164716e+03    2.2150563174e-08
6.9663454169e+03    2.2448172215e-08
6.9663743622e+03    2.2752774465e-08
6.9664033075e+03    2.3064605661e-08
6.9664322528e+03    2.3383911758e-08
6.9664611981e+03    2.3710949457e-08
6.9664901434e+03    2.4045986775e-08
6.9665190887e+03    2.4389303650e-08
6.9665480340e+03    2.4741192572e-08
6.9665769793e+03    2.5101959270e-08
6.9666059246e+03    2.5471923428e-08
6.9666348699e+03    2.5851419453e-08
6.9666638152e+03    2.6240797292e-08
6.9666927605e+03    2.6640423298e-08
6.9667217058e+03    2.7050681154e-08
6.9667506511e+03    2.7471972855e-08
6.9667795964e+03    2.7904719761e-08
6.9668085417e+03    2.8349363706e-08
6.9668374870e+03    2.8806368197e-08
6.9668664323e+03    2.9276219679e-08
6.9668953776e+03    2.9759428894e-08
6.9669243229e+03    3.0256532327e-08
6.9669532682e+03    3.0768093756e-08
6.9669822135e+03    3.1294705900e-08
6.9670111588e+03    3.1836992190e-08
6.9670401041e+03    3.2395608658e-08
6.9670690494e+03    3.2971245957e-08
6.9670979947e+03    3.3564631528e-08
6.9671269400e+03    3.4176531916e-08
6.9671558853e+03    3.4807755251e-08
6.9671848306e+03    3.5459153911e-08
6.9672137759e+03    3.6131627369e-08
6.9672427212e+03    3.6826125251e-08
6.9672716665e+03    3.7543650614e-08
6.9673006118e+03    3.8285263463e-08
6.9673295571e+03    3.9052084518e-08
6.9673585024e+03    3.9845299268e-08
6.9673874477e+03    4.0666162312e-08
6.9674163930e+03    4.1516002020e-08
6.9674453383e+03    4.2396225539e-08
6.9674742836e+03    4.3308324161e-08
6.9675032289e+03    4.4253879083e-08
6.9675321742e+03    4.5234567589e-08
6.9675611195e+03    4.6252169676e-08
6.9675900648e+03    4.7308575157e-08
6.9676190101e+03    4.8405791266e-08
6.9676479554e+03    4.9545950803e-08
6.9676769007e+03    5.0731320837e-08
6.9677058460e+03    5.1964312004e-08
6.9677347913e+03    5.3247488416e-08
6.9677637366e+03    5.4583578212e-08
6.9677926819e+03    5.5975484766e-08
6.9678216272e+03    5.7426298552e-08
6.9678505725e+03    5.8939309677e-08
6.9678795178e+03    6.0518021068e-08
6.9679084631e+03    6.2166162274e-08
6.9679374084e+03    6.3887703839e-08
6.9679663537e+03    6.5686872172e-08
6.9679952990e+03    6.7568164783e-08
6.9680242443e+03    6.9536365753e-08
6.9680531896e+03    7.1596561209e-08
6.9680821349e+03    7.3754154547e-08
6.9681110802e+03    7.6014881043e-08
6.9681400255e+03    7.8384821424e-08
6.9681689708e+03    8.0870413844e-08
6.9681979161e+03    8.3478463599e-08
6.9682268614e+03    8.6216149777e-08
6.9682558067e+03    8.9091027877e-08
6.9682847520e+03    9.2111027270e-08
6.9683136973e+03    9.5284442226e-08
6.9683426426e+03    9.8619915040e-08
6.9683715879e+03    1.0212640967e-07
6.9684005332e+03    1.0581317423e-07
6.9684294785e+03    1.0968969057e-07
6.9684584238e+03    1.1376560943e-07
6.9684873691e+03    1.1805066957e-07
6.9685163144e+03    1.2255460001e-07
6.9685452597e+03    1.2728700471e-07
6.9685742050e+03    1.3225723000e-07
6.9686031503e+03    1.3747421561e-07
6.9686320956e+03    1.4294633128e-07
6.9686610409e+03    1.4868120107e-07
6.9686899862e+03    1.5468551793e-07
6.9687189315e+03    1.6096485008e-07
6.9687478768e+03    1.6752343894e-07
6.9687768221e+03    1.7436398458e-07
6.9688057674e+03    1.8148741028e-07
6.9688347127e+03    1.8889259124e-07
6.9688636580e+03    1.9657602695e-07
6.9688926033e+03    2.0453143174e-07
6.9689215486e+03    2.1274921687e-07
6.9689504939e+03    2.2121584185e-07
6.9689794392e+03    2.2991302382e-07
6.9690083845e+03    2.3881681313e-07
6.9690373298e+03    2.4789656896e-07
6.9690662751e+03    2.5711389976e-07
6.9690952204e+03    2.6642166380e-07
6.9691241657e+03    2.7576315180e-07
6.9691531110e+03    2.8507158986e-07
6.9691820563e+03    2.9427010236e-07
6.9692110016e+03    3.0327225730e-07
6.9692399469e+03    3.1198327912e-07
6.9692688922e+03    3.2030195731e-07
6.9692978375e+03    3.2812320857e-07
6.9693267828e+03    3.3534117396e-07
6.9693557281e+03    3.4185266236e-07
6.9693846734e+03    3.4756070072e-07
6.9694136187e+03    3.5237793119e-07
6.9694425640e+03    3.5622961149e-07
6.9694715093e+03    3.5905602635e-07
6.9695004546e+03    3.6081419564e-07
6.9695293999e+03    3.6147885065e-07
6.9695583452e+03    3.6104272780e-07
6.9695872905e+03    3.5951628062e-07
6.9696162358e+03    3.5692693020e-07
6.9696451811e+03    3.5331796183e-07
6.9696741264e+03    3.4874714291e-07
6.9697030717e+03    3.4328509903e-07
6.9697320170e+03    3.3701345733e-07
6.9697609623e+03    3.3002275808e-07
6.9697899076e+03    3.2241014966e-07
6.9698188529e+03    3.1427691238e-07
6.9698477982e+03    3.0572589369e-07
6.9698767435e+03    2.9685896754e-07
6.9699056888e+03    2.8777464629e-07
6.9699346341e+03    2.7856596909e-07
6.9699635794e+03    2.6931876807e-07
6.9699925247e+03    2.6011037718e-07
6.9700214700e+03    2.5100880753e-07
6.9700504153e+03    2.4207237308e-07
6.9700793606e+03    2.3334971890e-07
6.9701083059e+03    2.2488018270e-07
6.9701372512e+03    2.1669441031e-07
6.9701661965e+03    2.0881514517e-07
6.9701951418e+03    2.0125811875e-07
6.9702240871e+03    1.9403297979e-07
6.9702530324e+03    1.8714421358e-07
6.9702819777e+03    1.8059201566e-07
6.9703109230e+03    1.7437309619e-07
6.9703398683e+03    1.6848140151e-07
6.9703688136e+03    1.6290874705e-07
6.9703977589e+03    1.5764536201e-07
6.9704267042e+03    1.5268034969e-07
6.9704556495e+03    1.4800207042e-07
6.9704845948e+03    1.4359845501e-07
6.9705135401e+03    1.3945725726e-07
6.9705424854e+03    1.3556625404e-07
6.9705714307e+03    1.3191340078e-07
6.9706003760e+03    1.2848694983e-07
6.9706293213e+03    1.2527553795e-07
6.9706582666e+03    1.2226824882e-07
6.9706872119e+03    1.1945465511e-07
6.9707161572e+03    1.1682484459e-07
6.9707451025e+03    1.1436943342e-07
6.9707740478e+03    1.1207956958e-07
6.9708029931e+03    1.0994692887e-07
6.9708319384e+03    1.0796370524e-07
6.9708608837e+03    1.0612259706e-07
6.9708898290e+03    1.0441679062e-07
6.9709187743e+03    1.0283994172e-07
6.9709477196e+03    1.0138615625e-07
6.9709766649e+03    1.0004997023e-07
6.9710056102e+03    9.8826329931e-08
6.9710345555e+03    9.7710572292e-08
6.9710635008e+03    9.6698405943e-08
6.9710924461e+03    9.5785893068e-08
6.9711213914e+03    9.4969432191e-08
6.9711503367e+03    9.4245742007e-08
6.9711792820e+03    9.3611846306e-08
6.9712082273e+03    9.3065060026e-08
6.9712371726e+03    9.2602976456e-08
6.9712661179e+03    9.2223455566e-08
6.9712950632e+03    9.1924613477e-08
6.9713240085e+03    9.1704813024e-08
6.9713529538e+03    9.1562655398e-08
6.9713818991e+03    9.1496972826e-08
6.9714108444e+03    9.1506822252e-08
6.9714397897e+03    9.1591479973e-08
6.9714687350e+03    9.1750437179e-08
6.9714976803e+03    9.1983396362e-08
6.9715266256e+03    9.2290268497e-08
6.9715555709e+03    9.2671170972e-08
6.9715845162e+03    9.3126426138e-08
6.9716134615e+03    9.3656560430e-08
6.9716424068e+03    9.4262303911e-08
6.9716713521e+03    9.4944590123e-08
6.9717002974e+03    9.5704556064e-08
6.9717292427e+03    9.6543542114e-08
6.9717581880e+03    9.7463091633e-08
6.9717871333e+03    9.8464949959e-08
6.9718160786e+03    9.9551062427e-08
6.9718450239e+03    1.0072357099e-07
6.9718739692e+03    1.0198480889e-07
6.9719029145e+03    1.0333729279e-07
6.9719318598e+03    1.0478371159e-07
6.9719608051e+03    1.0632691113e-07
6.9719897504e+03    1.0796987376e-07
6.9720186957e+03    1.0971569169e-07
6.9720476410e+03    1.1156753293e-07
6.9720765863e+03    1.1352859864e-07
6.9721055316e+03    1.1560207055e-07
6.9721344769e+03    1.1779104732e-07
6.9721634222e+03    1.2009846911e-07
6.9721923675e+03    1.2252702979e-07
6.9722213128e+03    1.2507907724e-07
6.9722502581e+03    1.2775650318e-07
6.9722792034e+03    1.3056062555e-07
6.9723081487e+03    1.3349206820e-07
6.9723370940e+03    1.3655064539e-07
6.9723660393e+03    1.3973526101e-07
6.9723949846e+03    1.4304383541e-07
6.9724239299e+03    1.4647327506e-07
6.9724528752e+03    1.5001950218e-07
6.9724818205e+03    1.5367756120e-07
6.9725107658e+03    1.5744181686e-07
6.9725397111e+03    1.6130625304e-07
6.9725686564e+03    1.6526487275e-07
6.9725976017e+03    1.6931218724e-07
6.9726265470e+03    1.7344376816e-07
6.9726554923e+03    1.7765682173e-07
6.9726844376e+03    1.8195073192e-07
6.9727133829e+03    1.8632751286e-07
6.9727423282e+03    1.9079211147e-07
6.9727712735e+03    1.9535251083e-07
6.9728002188e+03    2.0001960242e-07
6.9728291641e+03    2.0480681801e-07
6.9728581094e+03    2.0972953576e-07
6.9728870547e+03    2.1480429659e-07
6.9729160000e+03    2.2004788169e-07
6.9729449453e+03    2.2547630974e-07
6.9729738906e+03    2.3110381294e-07
6.9730028359e+03    2.3694184602e-07
6.9730317812e+03    2.4299817538e-07
6.9730607265e+03    2.4927608861e-07
6.9730896718e+03    2.5577375931e-07
6.9731186171e+03    2.6248379987e-07
6.9731475624e+03    2.6939303366e-07
6.9731765077e+03    2.7648251667e-07
6.9732054530e+03    2.8372783471e-07
6.9732343983e+03    2.9109969227e-07
6.9732633436e+03    2.9856479290e-07
6.9732922889e+03    3.0608698684e-07
6.9733212342e+03    3.1362863298e-07
6.9733501795e+03    3.2115209265e-07
6.9733791248e+03    3.2862124829e-07
6.9734080701e+03    3.3600292800e-07
6.9734370154e+03    3.4326812104e-07
6.9734659607e+03    3.5039289256e-07
6.9734949060e+03    3.5735894475e-07
6.9735238513e+03    3.6415381938e-07
6.9735527966e+03    3.7077078400e-07
6.9735817419e+03    3.7720848056e-07
6.9736106872e+03    3.8347043402e-07
6.9736396325e+03    3.8956451695e-07
6.9736685778e+03    3.9550244639e-07
6.9736975231e+03    4.0129935761e-07
6.9737264684e+03    4.0697346433e-07
6.9737554137e+03    4.1254578432e-07
6.9737843590e+03    4.1803988833e-07
6.9738133043e+03    4.2348162289e-07
6.9738422496e+03    4.2889876202e-07
6.9738711949e+03    4.3432055713e-07
6.9739001402e+03    4.3977717466e-07
6.9739290855e+03    4.4529903152e-07
6.9739580308e+03    4.5091605690e-07
6.9739869761e+03    4.5665692178e-07
6.9740159214e+03    4.6254828407e-07
6.9740448667e+03    4.6861409759e-07
6.9740738120e+03    4.7487502907e-07
6.9741027573e+03    4.8134801963e-07
6.9741317026e+03    4.8804601833e-07
6.9741606479e+03    4.9497790551e-07
6.9741895932e+03    5.0214861313e-07
6.9742185385e+03    5.0955943795e-07
6.9742474838e+03    5.1720853042e-07
6.9742764291e+03    5.2509152760e-07
6.9743053744e+03    5.3320228364e-07
6.9743343197e+03    5.4153363820e-07
6.9743632650e+03    5.5007815488e-07
6.9743922103e+03    5.5882876058e-07
6.9744211556e+03    5.6777922482e-07
6.9744501009e+03    5.7692443379e-07
6.9744790462e+03    5.8626043621e-07
6.9745079915e+03    5.9578426075e-07
6.9745369368e+03    6.0549352620e-07
6.9745658821e+03    6.1538587989e-07
6.9745948274e+03    6.2545830740e-07
6.9746237727e+03    6.3570635696e-07
6.9746527180e+03    6.4612331669e-07
6.9746816633e+03    6.5669937539e-07
6.9747106086e+03    6.6742079039e-07
6.9747395539e+03    6.7826908331e-07
6.9747684992e+03    6.8922028813e-07
6.9747974445e+03    7.0024428747e-07
6.9748263898e+03    7.1130429161e-07
6.9748553351e+03    7.2235653616e-07
6.9748842804e+03    7.3335029161e-07
6.9749132257e+03    7.4422828358e-07
6.9749421710e+03    7.5492760913e-07
6.9749711163e+03    7.6538119745e-07
6.9750000616e+03    7.7551980596e-07
6.9750290069e+03    7.8527447134e-07
6.9750579522e+03    7.9457926320e-07
6.9750868975e+03    8.0337412873e-07
6.9751158428e+03    8.1160758246e-07
6.9751447881e+03    8.1923899265e-07
6.9751737334e+03    8.2624024588e-07
6.9752026787e+03    8.3259662943e-07
6.9752316240e+03    8.3830684833e-07
6.9752605693e+03    8.4338218153e-07
6.9752895146e+03    8.4784486932e-07
6.9753184599e+03    8.5172590378e-07
6.9753474052e+03    8.5506245709e-07
6.9753763505e+03    8.5789522071e-07
6.9754052958e+03    8.6026593544e-07
6.9754342411e+03    8.6221536327e-07
6.9754631864e+03    8.6378188853e-07
6.9754921317e+03    8.6500084511e-07
6.9755210770e+03    8.6590456205e-07
6.9755500223e+03    8.6652301796e-07
6.9755789676e+03    8.6688491319e-07
6.9756079129e+03    8.6701891867e-07
6.9756368582e+03    8.6695484867e-07
6.9756658035e+03    8.6672452942e-07
6.9756947488e+03    8.6636218787e-07
6.9757236941e+03    8.6590425508e-07
6.9757526394e+03    8.6538855324e-07
6.9757815847e+03    8.6485290566e-07
6.9758105300e+03    8.6433326848e-07
6.9758394753e+03    8.6386152837e-07
6.9758684206e+03    8.6346314153e-07
6.9758973659e+03    8.6315480629e-07
6.9759263112e+03    8.6294236438e-07
6.9759552565e+03    8.6281911473e-07
6.9759842018e+03    8.6276469737e-07
6.9760131471e+03    8.6274466440e-07
6.9760420924e+03    8.6271080160e-07
6.9760710377e+03    8.6260220215e-07
6.9760999830e+03    8.6234702941e-07
6.9761289283e+03    8.6186484496e-07
6.9761578736e+03    8.6106933097e-07
6.9761868189e+03    8.5987120635e-07
6.9762157642e+03    8.5818113061e-07
6.9762447095e+03    8.5591240726e-07
6.9762736548e+03    8.5298333724e-07
6.9763026001e+03    8.4931912642e-07
6.9763315454e+03    8.4485331014e-07
6.9763604907e+03    8.3952871381e-07
6.9763894360e+03    8.3329801325e-07
6.9764183813e+03    8.2612398766e-07
6.9764473266e+03    8.1797956826e-07
6.9764762719e+03    8.0884778074e-07
6.9765052172e+03    7.9872166037e-07
6.9765341625e+03    7.8760419330e-07
6.9765631078e+03    7.7550830901e-07
6.9765920531e+03    7.6245692212e-07
6.9766209984e+03    7.4848299973e-07
6.9766499437e+03    7.3362961287e-07
6.9766788890e+03    7.1794991832e-07
6.9767078343e+03    7.0150700804e-07
6.9767367796e+03    6.8437355951e-07
6.9767657249e+03    6.6663122172e-07
6.9767946702e+03    6.4836968148e-07
6.9768236155e+03    6.2968537542e-07
6.9768525608e+03    6.1067984446e-07
6.9768815061e+03    5.9145776798e-07
6.9769104514e+03    5.7212475714e-07
6.9769393967e+03    5.5278502448e-07
6.9769683420e+03    5.3353907045e-07
6.9769972873e+03    5.1448153328e-07
6.9770262326e+03    4.9569933395e-07
6.9770551779e+03    4.7727021679e-07
6.9770841232e+03    4.5926174511e-07
6.9771130685e+03    4.4173076626e-07
6.9771420138e+03    4.2472332115e-07
6.9771709591e+03    4.0827494182e-07
6.9771999044e+03    3.9241126125e-07
6.9772288497e+03    3.7714885180e-07
6.9772577950e+03    3.6249620990e-07
6.9772867403e+03    3.4845481321e-07
6.9773156856e+03    3.3502018902e-07
6.9773446309e+03    3.2218294671e-07
6.9773735762e+03    3.0992974083e-07
6.9774025215e+03    2.9824414395e-07
6.9774314668e+03    2.8710741820e-07
6.9774604121e+03    2.7649918260e-07
6.9774893574e+03    2.6639797900e-07
6.9775183027e+03    2.5678174287e-07
6.9775472480e+03    2.4762818790e-07
6.9775761933e+03    2.3891511423e-07
6.9776051386e+03    2.3062065029e-07
6.9776340839e+03    2.2272343807e-07
6.9776630292e+03    2.1520277094e-07
6.9776919745e+03    2.0803869201e-07
6.9777209198e+03    2.0121206045e-07
6.9777498651e+03    1.9470459181e-07
6.9777788104e+03    1.8849887774e-07
6.9778077557e+03    1.8257838964e-07
6.9778367010e+03    1.7692746977e-07
6.9778656463e+03    1.7153131305e-07
6.9778945916e+03    1.6637594193e-07
6.9779235369e+03    1.6144817644e-07
6.9779524822e+03    1.5673560083e-07
6.9779814275e+03    1.5222652832e-07
6.9780103728e+03    1.4790996476e-07
6.9780393181e+03    1.4377557201e-07
6.9780682634e+03    1.3981363171e-07
6.9780972087e+03    1.3601500974e-07
6.9781261540e+03    1.3237112175e-07
6.9781550993e+03    1.2887390001e-07
6.9781840446e+03    1.2551576169e-07
6.9782129899e+03    1.2228957866e-07
6.9782419352e+03    1.1918864881e-07
6.9782708805e+03    1.1620666905e-07
6.9782998258e+03    1.1333770977e-07
6.9783287711e+03    1.1057619087e-07
6.9783577164e+03    1.0791685932e-07
6.9783866617e+03    1.0535476802e-07
6.9784156070e+03    1.0288525610e-07
6.9784445523e+03    1.0050393052e-07
6.9784734976e+03    9.8206648831e-08
6.9785024429e+03    9.5989503108e-08
6.9785313882e+03    9.3848804971e-08
6.9785603335e+03    9.1781071608e-08
6.9785892788e+03    8.9783012743e-08
6.9786182241e+03    8.7851518495e-08
6.9786471694e+03    8.5983648057e-08
6.9786761147e+03    8.4176619150e-08
6.9787050600e+03    8.2427798187e-08
6.9787340053e+03    8.0734691107e-08
6.9787629506e+03    7.9094934836e-08
6.9787918959e+03    7.7506289310e-08
6.9788208412e+03    7.5966630048e-08
6.9788497865e+03    7.4473941214e-08
6.9788787318e+03    7.3026309150e-08
6.9789076771e+03    7.1621916327e-08
6.9789366224e+03    7.0259035710e-08
6.9789655677e+03    6.8936025482e-08
6.9789945130e+03    6.7651324118e-08
6.9790234583e+03    6.6403445779e-08
6.9790524036e+03    6.5190976003e-08
6.9790813489e+03    6.4012567675e-08
6.9791102942e+03    6.2866937251e-08
6.9791392395e+03    6.1752861223e-08
6.9791681848e+03    6.0669172810e-08
6.9791971301e+03    5.9614758851e-08
6.9792260754e+03    5.8588556893e-08
6.9792550207e+03    5.7589552463e-08
6.9792839660e+03    5.6616776502e-08
6.9793129113e+03    5.5669302957e-08
6.9793418566e+03    5.4746246520e-08
6.9793708019e+03    5.3846760505e-08
6.9793997472e+03    5.2970034844e-08
6.9794286925e+03    5.2115294208e-08
6.9794576378e+03    5.1281796241e-08
6.9794865831e+03    5.0468829889e-08
6.9795155284e+03    4.9675713832e-08
6.9795444737e+03    4.8901795003e-08
6.9795734190e+03    4.8146447198e-08
6.9796023643e+03    4.7409069754e-08
6.9796313096e+03    4.6689086312e-08
6.9796602549e+03    4.5985943642e-08
6.9796892002e+03    4.5299110539e-08
6.9797181455e+03    4.4628076774e-08
6.9797470908e+03    4.3972352109e-08
6.9797760361e+03    4.3331465357e-08
6.9798049814e+03    4.2704963503e-08
6.9798339267e+03    4.2092410864e-08
6.9798628720e+03    4.1493388297e-08
6.9798918173e+03    4.0907492449e-08
6.9799207626e+03    4.0334335044e-08
6.9799497079e+03    3.9773542212e-08
6.9799786532e+03    3.9224753847e-08
6.9800075985e+03    3.8687622999e-08
6.9800365438e+03    3.8161815306e-08
6.9800654891e+03    3.7647008436e-08
6.9800944344e+03    3.7142891581e-08
6.9801233797e+03    3.6649164953e-08
6.9801523250e+03    3.6165539321e-08
6.9801812703e+03    3.5691735566e-08
6.9802102156e+03    3.5227484255e-08
6.9802391609e+03    3.4772525239e-08
6.9802681062e+03    3.4326607270e-08
6.9802970515e+03    3.3889487634e-08
6.9803259968e+03    3.3460931805e-08
6.9803549421e+03    3.3040713114e-08
6.9803838874e+03    3.2628612430e-08
6.9804128327e+03    3.2224417865e-08
6.9804417780e+03    3.1827924479e-08
6.9804707233e+03    3.1438934013e-08
6.9804996686e+03    3.1057254625e-08
6.9805286139e+03    3.0682700640e-08
6.9805575592e+03    3.0315092313e-08
6.9805865045e+03    2.9954255602e-08
6.9806154498e+03    2.9600021947e-08
6.9806443951e+03    2.9252228068e-08
6.9806733404e+03    2.8910715764e-08
6.9807022857e+03    2.8575331720e-08
6.9807312310e+03    2.8245927331e-08
6.9807601763e+03    2.7922358525e-08
6.9807891216e+03    2.7604485596e-08
6.9808180669e+03    2.7292173048e-08
6.9808470122e+03    2.6985289440e-08
6.9808759575e+03    2.6683707241e-08
6.9809049028e+03    2.6387302689e-08
6.9809338481e+03    2.6095955661e-08
6.9809627934e+03    2.5809549537e-08
6.9809917387e+03    2.5527971086e-08
6.9810206840e+03    2.5251110339e-08
6.9810496293e+03    2.4978860484e-08
6.9810785746e+03    2.4711117749e-08
6.9811075199e+03    2.4447781305e-08
6.9811364652e+03    2.4188753160e-08
6.9811654105e+03    2.3933938068e-08
6.9811943558e+03    2.3683243432e-08
6.9812233011e+03    2.3436579218e-08
6.9812522464e+03    2.3193857867e-08
6.9812811917e+03    2.2954994218e-08
6.9813101370e+03    2.2719905423e-08
6.9813390823e+03    2.2488510876e-08
6.9813680276e+03    2.2260732137e-08
6.9813969729e+03    2.2036492865e-08
6.9814259182e+03    2.1815718745e-08
6.9814548635e+03    2.1598337431e-08
6.9814838088e+03    2.1384278476e-08
6.9815127541e+03    2.1173473275e-08
6.9815416994e+03    2.0965855010e-08
6.9815706447e+03    2.0761358587e-08
6.9815995900e+03    2.0559920589e-08
6.9816285353e+03    2.0361479221e-08
6.9816574806e+03    2.0165974258e-08
6.9816864259e+03    1.9973347002e-08
6.9817153712e+03    1.9783540233e-08
6.9817443165e+03    1.9596498160e-08
6.9817732618e+03    1.9412166387e-08
6.9818022071e+03    1.9230491863e-08
6.9818311524e+03    1.9051422844e-08
6.9818600977e+03    1.8874908857e-08
6.9818890430e+03    1.8700900660e-08
6.9819179883e+03    1.8529350205e-08
6.9819469336e+03    1.8360210607e-08
6.9819758789e+03    1.8193436104e-08
6.9820048242e+03    1.8028982030e-08
6.9820337695e+03    1.7866804783e-08
6.9820627148e+03    1.7706861789e-08
6.9820916601e+03    1.7549111480e-08
6.9821206054e+03    1.7393513261e-08
6.9821495507e+03    1.7240027483e-08
6.9821784960e+03    1.7088615418e-08
6.9822074413e+03    1.6939239231e-08
6.9822363866e+03    1.6791861958e-08
6.9822653319e+03    1.6646447480e-08
6.9822942772e+03    1.6502960499e-08
6.9823232225e+03    1.6361366517e-08
6.9823521678e+03    1.6221631815e-08
6.9823811131e+03    1.6083723427e-08
6.9824100584e+03    1.5947609128e-08
6.9824390037e+03    1.5813257406e-08
6.9824679490e+03    1.5680637446e-08
6.9824968943e+03    1.5549719114e-08
6.9825258396e+03    1.5420472933e-08
6.9825547849e+03    1.5292870072e-08
6.9825837302e+03    1.5166882325e-08
6.9826126755e+03    1.5042482097e-08
6.9826416208e+03    1.4919642384e-08
6.9826705661e+03    1.4798336762e-08
6.9826995114e+03    1.4678539373e-08
6.9827284567e+03    1.4560224904e-08
6.9827574020e+03    1.4443368580e-08
6.9827863473e+03    1.4327946145e-08
6.9828152926e+03    1.4213933853e-08
6.9828442379e+03    1.4101308453e-08
6.9828731832e+03    1.3990047176e-08
6.9829021285e+03    1.3880127724e-08
6.9829310738e+03    1.3771528259e-08
6.9829600191e+03    1.3664227390e-08
6.9829889644e+03    1.3558204163e-08
6.9830179097e+03    1.3453438049e-08
6.9830468550e+03    1.3349908934e-08
6.9830758003e+03    1.3247597111e-08
6.9831047456e+03    1.3146483268e-08
6.9831336909e+03    1.3046548478e-08
6.9831626362e+03    1.2947774191e-08
6.9831915815e+03    1.2850142225e-08
6.9832205268e+03    1.2753634756e-08
6.9832494721e+03    1.2658234311e-08
6.9832784174e+03    1.2563923758e-08
6.9833073627e+03    1.2470686300e-08
6.9833363080e+03    1.2378505465e-08
6.9833652533e+03    1.2287365100e-08
6.9833941986e+03    1.2197249364e-08
6.9834231439e+03    1.2108142717e-08
6.9834520892e+03    1.2020029918e-08
6.9834810345e+03    1.1932896015e-08
6.9835099798e+03    1.1846726340e-08
6.9835389251e+03    1.1761506502e-08
6.9835678704e+03    1.1677222378e-08
6.9835968157e+03    1.1593860113e-08
6.9836257610e+03    1.1511406108e-08
6.9836547063e+03    1.1429847016e-08
6.9836836516e+03    1.1349169741e-08
6.9837125969e+03    1.1269361423e-08
6.9837415422e+03    1.1190409441e-08
6.9837704875e+03    1.1112301406e-08
6.9837994328e+03    1.1035025152e-08
6.9838283781e+03    1.0958568736e-08
6.9838573234e+03    1.0882920429e-08
6.9838862687e+03    1.0808068714e-08
6.9839152140e+03    1.0734002282e-08
6.9839441593e+03    1.0660710025e-08
6.9839731046e+03    1.0588181032e-08
6.9840020499e+03    1.0516404587e-08
6.9840309952e+03    1.0445370164e-08
6.9840599405e+03    1.0375067420e-08
6.9840888858e+03    1.0305486196e-08
6.9841178311e+03    1.0236616509e-08
6.9841467764e+03    1.0168448550e-08
6.9841757217e+03    1.0100972681e-08
6.9842046670e+03    1.0034179431e-08
6.9842336123e+03    9.9680594901e-09
6.9842625576e+03    9.9026037108e-09
6.9842915029e+03    9.8378031007e-09
6.9843204482e+03    9.7736488208e-09
6.9843493935e+03    9.7101321824e-09
6.9843783388e+03    9.6472446438e-09
6.9844072841e+03    9.5849778074e-09
6.9844362294e+03    9.5233234166e-09
6.9844651747e+03    9.4622733532e-09
6.9844941200e+03    9.4018196344e-09
6.9845230653e+03    9.3419544103e-09
6.9845520106e+03    9.2826699608e-09
6.9845809559e+03    9.2239586935e-09
6.9846099012e+03    9.1658131410e-09
6.9846388465e+03    9.1082259581e-09
6.9846677918e+03    9.0511899200e-09
6.9846967371e+03    8.9946979192e-09
6.9847256824e+03    8.9387429640e-09
6.9847546277e+03    8.8833181754e-09
6.9847835730e+03    8.8284167857e-09
6.9848125183e+03    8.7740321356e-09
6.9848414636e+03    8.7201576727e-09
6.9848704089e+03    8.6667869491e-09
6.9848993542e+03    8.6139136194e-09
6.9849282995e+03    8.5615314389e-09
6.9849572448e+03    8.5096342616e-09
6.9849861901e+03    8.4582160383e-09
6.9850151354e+03    8.4072708147e-09
6.9850440807e+03    8.3567927297e-09
6.9850730260e+03    8.3067760136e-09
6.9851019713e+03    8.2572149865e-09
6.9851309166e+03    8.2081040563e-09
6.9851598619e+03    8.1594377175e-09
6.9851888072e+03    8.1112105493e-09
6.9852177525e+03    8.0634172140e-09
6.9852466978e+03    8.0160524555e-09
6.9852756431e+03    7.9691110981e-09
6.9853045884e+03    7.9225880445e-09
6.9853335337e+03    7.8764782748e-09
6.9853624790e+03    7.8307768448e-09
6.9853914243e+03    7.7854788848e-09
6.9854203696e+03    7.7405795983e-09
6.9854493149e+03    7.6960742603e-09
6.9854782602e+03    7.6519582165e-09
6.9855072055e+03    7.6082268817e-09
6.9855361508e+03    7.5648757386e-09
6.9855650961e+03    7.5219003369e-09
6.9855940414e+03    7.4792962916e-09
6.9856229867e+03    7.4370592822e-09
6.9856519320e+03    7.3951850515e-09
6.9856808773e+03    7.3536694043e-09
6.9857098226e+03    7.3125082065e-09
6.9857387679e+03    7.2716973841e-09
6.9857677132e+03    7.2312329219e-09
6.9857966585e+03    7.1911108626e-09
6.9858256038e+03    7.1513273058e-09
6.9858545491e+03    7.1118784072e-09
6.9858834944e+03    7.0727603771e-09
6.9859124397e+03    7.0339694799e-09
6.9859413850e+03    6.9955020334e-09
6.9859703303e+03    6.9573544070e-09
6.9859992756e+03    6.9195230219e-09
6.9860282209e+03    6.8820043493e-09
6.9860571662e+03    6.8447949101e-09
6.9860861115e+03    6.8078912740e-09
6.9861150568e+03    6.7712900583e-09
6.9861440021e+03    6.7349879277e-09
6.9861729474e+03    6.6989815930e-09
6.9862018927e+03    6.6632678105e-09
6.9862308380e+03    6.6278433814e-09
6.9862597833e+03    6.5927051506e-09
6.9862887286e+03    6.5578500067e-09
6.9863176739e+03    6.5232748805e-09
6.9863466192e+03    6.4889767448e-09
6.9863755645e+03    6.4549526137e-09
6.9864045098e+03    6.4211995415e-09
6.9864334551e+03    6.3877146227e-09
6.9864624004e+03    6.3544949906e-09
6.9864913457e+03    6.3215378173e-09
6.9865202910e+03    6.2888403129e-09
6.9865492363e+03    6.2563997244e-09
6.9865781816e+03    6.2242133361e-09
6.9866071269e+03    6.1922784679e-09
6.9866360722e+03    6.1605924754e-09
6.9866650175e+03    6.1291527494e-09
6.9866939628e+03    6.0979567149e-09
6.9867229081e+03    6.0670018306e-09
6.9867518534e+03    6.0362855890e-09
6.9867807987e+03    6.0058055149e-09
6.9868097440e+03    5.9755591659e-09
6.9868386893e+03    5.9455441308e-09
6.9868676346e+03    5.9157580301e-09
6.9868965799e+03    5.8861985151e-09
6.9869255252e+03    5.8568632671e-09
6.9869544705e+03    5.8277499976e-09
6.9869834158e+03    5.7988564472e-09
6.9870123611e+03    5.7701803855e-09
6.9870413064e+03    5.7417196106e-09
6.9870702517e+03    5.7134719488e-09
6.9870991970e+03    5.6854352536e-09
6.9871281423e+03    5.6576074062e-09
6.9871570876e+03    5.6299863141e-09
6.9871860329e+03    5.6025699115e-09
6.9872149782e+03    5.5753561584e-09
6.9872439235e+03    5.5483430404e-09
6.9872728688e+03    5.5215285682e-09
6.9873018141e+03    5.4949107775e-09
6.9873307594e+03    5.4684877283e-09
6.9873597047e+03    5.4422575047e-09
6.9873886500e+03    5.4162182144e-09
6.9874175953e+03    5.3903679886e-09
6.9874465406e+03    5.3647049815e-09
6.9874754859e+03    5.3392273698e-09
6.9875044312e+03    5.3139333527e-09
6.9875333765e+03    5.2888211514e-09
6.9875623218e+03    5.2638890086e-09
6.9875912671e+03    5.2391351885e-09
6.9876202124e+03    5.2145579763e-09
6.9876491577e+03    5.1901556780e-09
6.9876781030e+03    5.1659266199e-09
6.9877070483e+03    5.1418691486e-09
6.9877359936e+03    5.1179816304e-09
6.9877649389e+03    5.0942624513e-09
6.9877938842e+03    5.0707100163e-09
6.9878228295e+03    5.0473227499e-09
6.9878517748e+03    5.0240990947e-09
6.9878807201e+03    5.0010375123e-09
6.9879096654e+03    4.9781364822e-09
6.9879386107e+03    4.9553945019e-09
6.9879675560e+03    4.9328100865e-09
6.9879965013e+03    4.9103817688e-09
6.9880254466e+03    4.8881080984e-09
6.9880543919e+03    4.8659876422e-09
6.9880833372e+03    4.8440189835e-09
6.9881122825e+03    4.8222007223e-09
6.9881412278e+03    4.8005314747e-09
6.9881701731e+03    4.7790098728e-09
6.9881991184e+03    4.7576345647e-09
6.9882280637e+03    4.7364042137e-09
6.9882570090e+03    4.7153174988e-09
6.9882859543e+03    4.6943731139e-09
6.9883148996e+03    4.6735697679e-09
6.9883438449e+03    4.6529061846e-09
6.9883727902e+03    4.6323811020e-09
6.9884017355e+03    4.6119932727e-09
6.9884306808e+03    4.5917414633e-09
6.9884596261e+03    4.5716244542e-09
6.9884885714e+03    4.5516410399e-09
6.9885175167e+03    4.5317900281e-09
6.9885464620e+03    4.5120702401e-09
6.9885754073e+03    4.4924805103e-09
6.9886043526e+03    4.4730196861e-09
6.9886332979e+03    4.4536866279e-09
6.9886622432e+03    4.4344802084e-09
6.9886911885e+03    4.4153993132e-09
6.9887201338e+03    4.3964428401e-09
6.9887490791e+03    4.3776096989e-09
6.9887780244e+03    4.3588988117e-09
6.9888069697e+03    4.3403091121e-09
6.9888359150e+03    4.3218395457e-09
6.9888648603e+03    4.3034890695e-09
6.9888938056e+03    4.2852566518e-09
6.9889227509e+03    4.2671412723e-09
6.9889516962e+03    4.2491419217e-09
6.9889806415e+03    4.2312576016e-09
6.9890095868e+03    4.2134873245e-09
6.9890385321e+03    4.1958301135e-09
6.9890674774e+03    4.1782850022e-09
6.9890964227e+03    4.1608510345e-09
6.9891253680e+03    4.1435272649e-09
6.9891543133e+03    4.1263127575e-09
6.9891832586e+03    4.1092065868e-09
6.9892122039e+03    4.0922078369e-09
6.9892411492e+03    4.0753156018e-09
6.9892700945e+03    4.0585289851e-09
6.9892990398e+03    4.0418470997e-09
6.9893279851e+03    4.0252690680e-09
6.9893569304e+03    4.0087940217e-09
6.9893858757e+03    3.9924211015e-09
6.9894148210e+03    3.9761494571e-09
6.9894437663e+03    3.9599782473e-09
6.9894727116e+03    3.9439066394e-09
6.9895016569e+03    3.9279338096e-09
6.9895306022e+03    3.9120589425e-09
6.9895595475e+03    3.8962812313e-09
6.9895884928e+03    3.8805998775e-09
6.9896174381e+03    3.8650140908e-09
6.9896463834e+03    3.8495230891e-09
6.9896753287e+03    3.8341260983e-09
6.9897042740e+03    3.8188223523e-09
6.9897332193e+03    3.8036110928e-09
6.9897621646e+03    3.7884915692e-09
6.9897911099e+03    3.7734630387e-09
6.9898200552e+03    3.7585247659e-09
6.9898490005e+03    3.7436760230e-09
6.9898779458e+03    3.7289160895e-09
6.9899068911e+03    3.7142442522e-09
6.9899358364e+03    3.6996598051e-09
6.9899647817e+03    3.6851620493e-09
6.9899937270e+03    3.6707502930e-09
6.9900226723e+03    3.6564238512e-09
6.9900516176e+03    3.6421820458e-09
6.9900805629e+03    3.6280242056e-09
6.9901095082e+03    3.6139496659e-09
6.9901384535e+03    3.5999577687e-09
6.9901673988e+03    3.5860478626e-09
6.9901963441e+03    3.5722193025e-09
6.9902252894e+03    3.5584714498e-09
6.9902542347e+03    3.5448036722e-09
6.9902831800e+03    3.5312153434e-09
6.9903121253e+03    3.5177058436e-09
6.9903410706e+03    3.5042745589e-09
6.9903700159e+03    3.4909208814e-09
6.9903989612e+03    3.4776442091e-09
6.9904279065e+03    3.4644439460e-09
6.9904568518e+03    3.4513195017e-09
6.9904857971e+03    3.4382702918e-09
6.9905147424e+03    3.4252957372e-09
6.9905436877e+03    3.4123952648e-09
6.9905726330e+03    3.3995683068e-09
6.9906015783e+03    3.3868143008e-09
6.9906305236e+03    3.3741326899e-09
6.9906594689e+03    3.3615229227e-09
6.9906884142e+03    3.3489844527e-09
6.9907173595e+03    3.3365167391e-09
6.9907463048e+03    3.3241192458e-09
6.9907752501e+03    3.3117914421e-09
6.9908041954e+03    3.2995328022e-09
6.9908331407e+03    3.2873428053e-09
6.9908620860e+03    3.2752209356e-09
6.9908910313e+03    3.2631666821e-09
6.9909199766e+03    3.2511795386e-09
6.9909489219e+03    3.2392590037e-09
6.9909778672e+03    3.2274045807e-09
6.9910068125e+03    3.2156157776e-09
6.9910357578e+03    3.2038921069e-09
6.9910647031e+03    3.1922330857e-09
6.9910936484e+03    3.1806382356e-09
6.9911225937e+03    3.1691070827e-09
6.9911515390e+03    3.1576391574e-09
6.9911804843e+03    3.1462339944e-09
6.9912094296e+03    3.1348911329e-09
6.9912383749e+03    3.1236101162e-09
6.9912673202e+03    3.1123904919e-09
6.9912962655e+03    3.1012318116e-09
6.9913252108e+03    3.0901336312e-09
6.9913541561e+03    3.0790955105e-09
6.9913831014e+03    3.0681170135e-09
6.9914120467e+03    3.0571977080e-09
6.9914409920e+03    3.0463371658e-09
6.9914699373e+03    3.0355349627e-09
6.9914988826e+03    3.0247906782e-09
6.9915278279e+03    3.0141038956e-09
6.9915567732e+03    3.0034742020e-09
6.9915857185e+03    2.9929011884e-09
6.9916146638e+03    2.9823844492e-09
6.9916436091e+03    2.9719235826e-09
6.9916725544e+03    2.9615181904e-09
6.9917014997e+03    2.9511678779e-09
6.9917304450e+03    2.9408722539e-09
6.9917593903e+03    2.9306309309e-09
6.9917883356e+03    2.9204435247e-09
6.9918172809e+03    2.9103096543e-09
6.9918462262e+03    2.9002289426e-09
6.9918751715e+03    2.8902010153e-09
6.9919041168e+03    2.8802255017e-09
6.9919330621e+03    2.8703020344e-09
6.9919620074e+03    2.8604302490e-09
6.9919909527e+03    2.8506097846e-09
6.9920198980e+03    2.8408402832e-09
6.9920488433e+03    2.8311213901e-09
6.9920777886e+03    2.8214527537e-09
6.9921067339e+03    2.8118340253e-09
6.9921356792e+03    2.8022648595e-09
6.9921646245e+03    2.7927449136e-09
6.9921935698e+03    2.7832738482e-09
6.9922225151e+03    2.7738513265e-09
6.9922514604e+03    2.7644770150e-09
6.9922804057e+03    2.7551505826e-09
6.9923093510e+03    2.7458717016e-09
6.9923382963e+03    2.7366400466e-09
6.9923672416e+03    2.7274552954e-09
6.9923961869e+03    2.7183171283e-09
6.9924251322e+03    2.7092252284e-09
6.9924540775e+03    2.7001792816e-09
6.9924830228e+03    2.6911789765e-09
6.9925119681e+03    2.6822240041e-09
6.9925409134e+03    2.6733140582e-09
6.9925698587e+03    2.6644488353e-09
6.9925988040e+03    2.6556280343e-09
6.9926277493e+03    2.6468513567e-09
6.9926566946e+03    2.6381185065e-09
6.9926856399e+03    2.6294291902e-09
6.9927145852e+03    2.6207831169e-09
6.9927435305e+03    2.6121799979e-09
6.9927724758e+03    2.6036195470e-09
6.9928014211e+03    2.5951014806e-09
6.9928303664e+03    2.5866255171e-09
6.9928593117e+03    2.5781913776e-09
6.9928882570e+03    2.5697987854e-09
6.9929172023e+03    2.5614474659e-09
6.9929461476e+03    2.5531371471e-09
6.9929750929e+03    2.5448675590e-09
6.9930040382e+03    2.5366384340e-09
6.9930329835e+03    2.5284495066e-09
6.9930619288e+03    2.5203005135e-09
6.9930908741e+03    2.5121911937e-09
6.9931198194e+03    2.5041212881e-09
6.9931487647e+03    2.4960905399e-09
6.9931777100e+03    2.4880986943e-09
6.9932066553e+03    2.4801454988e-09
6.9932356006e+03    2.4722307027e-09
6.9932645459e+03    2.4643540574e-09
6.9932934912e+03    2.4565153163e-09
6.9933224365e+03    2.4487142351e-09
6.9933513818e+03    2.4409505710e-09
6.9933803271e+03    2.4332240835e-09
6.9934092724e+03    2.4255345339e-09
6.9934382177e+03    2.4178816855e-09
6.9934671630e+03    2.4102653034e-09
6.9934961083e+03    2.4026851548e-09
6.9935250536e+03    2.3951410085e-09
6.9935539989e+03    2.3876326352e-09
6.9935829442e+03    2.3801598077e-09
6.9936118895e+03    2.3727223003e-09
6.9936408348e+03    2.3653198893e-09
6.9936697801e+03    2.3579523526e-09
6.9936987254e+03    2.3506194700e-09
6.9937276707e+03    2.3433210230e-09
6.9937566160e+03    2.3360567948e-09
6.9937855613e+03    2.3288265704e-09
6.9938145066e+03    2.3216301365e-09
6.9938434519e+03    2.3144672812e-09
6.9938723972e+03    2.3073377948e-09
6.9939013425e+03    2.3002414687e-09
6.9939302878e+03    2.2931780962e-09
6.9939592331e+03    2.2861474722e-09
6.9939881784e+03    2.2686018470e-09
6.9940171237e+03    2.2616604608e-09
6.9940460690e+03    2.2547511331e-09
6.9940750143e+03    2.2478736656e-09
6.9941039596e+03    2.2410278614e-09
6.9941329049e+03    2.2342135251e-09
6.9941618502e+03    2.2274304629e-09
6.9941907955e+03    2.2206784825e-09
6.9942197408e+03    2.2139573930e-09
6.9942486861e+03    2.2072670051e-09
6.9942776314e+03    2.2006071309e-09
6.9943065767e+03    2.1939775838e-09
6.9943355220e+03    2.1873781789e-09
6.9943644673e+03    2.1808087325e-09
6.9943934126e+03    2.1282719325e-09
6.9944223579e+03    2.1218680621e-09
6.9944513032e+03    2.1154932404e-09
6.9944802485e+03    2.0353898036e-09
6.9945091938e+03    2.0292427668e-09
6.9945381391e+03    2.0231236650e-09
6.9945670844e+03    2.0170323287e-09
6.9945960297e+03    2.0109685894e-09
6.9946249750e+03    1.9656513475e-09
6.9946539203e+03    1.9597330469e-09
6.9946828656e+03    1.9538415318e-09
6.9947118109e+03    1.9479766401e-09
6.9947407562e+03    1.8856400412e-09
6.9947697015e+03    1.8799583701e-09
6.9947986468e+03    1.8743023928e-09
6.9948275921e+03    1.8686719543e-09
6.9948565374e+03    1.8630669008e-09
6.9948854827e+03    1.8574870797e-09
6.9949144280e+03    1.8519323393e-09
6.9949433733e+03    1.8464025295e-09
6.9949723186e+03    1.8408975008e-09
6.9950012639e+03    1.8354171051e-09
6.9950302092e+03    1.8299611955e-09
6.9950591545e+03    1.8245296259e-09
6.9950880998e+03    1.8191222516e-09
6.9951170451e+03    1.8137389287e-09
6.9951459904e+03    1.8083795146e-09
6.9951749357e+03    1.8030438676e-09
6.9952038810e+03    1.7977318472e-09
6.9952328263e+03    1.7924433137e-09
6.9952617716e+03    1.7871781287e-09
6.9952907169e+03    1.7819361546e-09
6.9953196622e+03    1.7767172550e-09
6.9953486075e+03    1.7715212944e-09
6.9953775528e+03    1.7663481383e-09
6.9954064981e+03    1.7611976531e-09
6.9954354434e+03    1.7560697065e-09
6.9954643887e+03    1.7509641667e-09
6.9954933340e+03    1.7458809033e-09
6.9955222793e+03    1.7408197865e-09
6.9955512246e+03    1.7357806876e-09
6.9955801699e+03    1.7307634790e-09
6.9956091152e+03    1.7257680338e-09
6.9956380605e+03    1.7207942259e-09
6.9956670058e+03    1.7158419305e-09
6.9956959511e+03    1.7109110234e-09
6.9957248964e+03    1.7060013814e-09
6.9957538417e+03    1.7011128822e-09
6.9957827870e+03    1.6962454044e-09
6.9958117323e+03    1.6913988273e-09
6.9958406776e+03    1.6865730313e-09
6.9958696229e+03    1.6817678975e-09
6.9958985682e+03    1.6769833078e-09
6.9959275135e+03    1.6722191453e-09
6.9959564588e+03    1.6674752935e-09
6.9959854041e+03    1.6627516369e-09
6.9960143494e+03    1.6580480609e-09
6.9960432947e+03    1.6533644516e-09
6.9960722400e+03    1.6487006959e-09
6.9961011853e+03    1.6440566816e-09
6.9961301306e+03    1.6394322973e-09
6.9961590759e+03    1.6348274323e-09
6.9961880212e+03    1.6302419767e-09
6.9962169665e+03    1.6256758213e-09
6.9962459118e+03    1.6211288578e-09
6.9962748571e+03    1.6166009787e-09
6.9963038024e+03    1.6120920771e-09
6.9963327477e+03    1.6076020468e-09
6.9963616930e+03    1.6031307827e-09
6.9963906383e+03    1.5986781799e-09
6.9964195836e+03    1.5942441348e-09
6.9964485289e+03    1.5898285440e-09
6.9964774742e+03    1.5854313053e-09
6.9965064195e+03    1.5810523167e-09
6.9965353648e+03    1.5766914774e-09
6.9965643101e+03    1.5723486869e-09
6.9965932554e+03    1.5680238458e-09
6.9966222007e+03    1.5637168549e-09
6.9966511460e+03    1.5594276160e-09
6.9966800913e+03    1.5551560316e-09
6.9967090366e+03    1.5509020048e-09
6.9967379819e+03    1.5466654392e-09
6.9967669272e+03    1.5424462394e-09
6.9967958725e+03    1.5382443103e-09
6.9968248178e+03    1.5340595577e-09
6.9968537631e+03    1.5298918879e-09
6.9968827084e+03    1.5257412079e-09
6.9969116537e+03    1.5216074254e-09
6.9969405990e+03    1.5174904485e-09
6.9969695443e+03    1.5133901863e-09
6.9969984896e+03    1.5093065481e-09
6.9970274349e+03    1.5052394441e-09
6.9970563802e+03    1.5011887850e-09
6.9970853255e+03    1.4971544822e-09
6.9971142708e+03    1.4931364474e-09
6.9971432161e+03    1.4891345933e-09
6.9971721614e+03    1.4851488330e-09
6.9972011067e+03    1.4811790801e-09
6.9972300520e+03    1.4772252488e-09
6.9972589973e+03    1.4732872541e-09
6.9972879426e+03    1.4693650113e-09
6.9973168879e+03    1.4654584364e-09
6.9973458332e+03    1.4615674459e-09
6.9973747785e+03    1.4576919569e-09
6.9974037238e+03    1.4538318870e-09
6.9974326691e+03    1.4499871545e-09
6.9974616144e+03    1.4461576780e-09
6.9974905597e+03    1.4423433768e-09
6.9975195050e+03    1.4385441708e-09
6.9975484503e+03    1.4347599802e-09
6.9975773956e+03    1.4309907258e-09
6.9976063409e+03    1.4272363292e-09
6.9976352862e+03    1.4234967121e-09
6.9976642315e+03    1.4197717971e-09
6.9976931768e+03    1.4160615069e-09
6.9977221221e+03    1.4123657650e-09
6.9977510674e+03    1.3902444841e-09
6.9977800127e+03    1.3866201815e-09
6.9978089580e+03    1.3830100532e-09
6.9978379033e+03    1.3794140253e-09
6.9978668486e+03    1.3758320245e-09
6.9978957939e+03    1.3722639777e-09
6.9979247392e+03    1.3687098124e-09
6.9979536845e+03    1.3651694567e-09
6.9979826298e+03    1.3616428390e-09
6.9980115751e+03    1.3581298882e-09
6.9980405204e+03    1.3546305337e-09
6.9980694657e+03    1.3511447053e-09
6.9980984110e+03    1.3476723333e-09
6.9981273563e+03    1.3442133485e-09
6.9981563016e+03    1.3407676819e-09
6.9981852469e+03    1.3373352654e-09
6.9982141922e+03    1.3339160308e-09
6.9982431375e+03    1.3305099107e-09
6.9982720828e+03    1.3271168381e-09
6.9983010281e+03    1.3237367462e-09
6.9983299734e+03    1.3203695690e-09
6.9983589187e+03    1.3170152405e-09
6.9983878640e+03    1.3136736954e-09
6.9984168093e+03    1.3025192640e-09
6.9984457546e+03    1.2686747838e-09
6.9984746999e+03    1.2618607745e-09
6.9985036452e+03    1.2483268273e-09
6.9985325905e+03    1.2451682812e-09
6.9985615358e+03    1.2420217207e-09
6.9985904811e+03    1.2388870849e-09
6.9986194264e+03    1.2357643138e-09
6.9986483717e+03    1.2194902419e-09
6.9986773170e+03    1.2164214165e-09
6.9987062623e+03    1.2133641721e-09
6.9987352076e+03    1.1956279951e-09
6.9987641529e+03    1.1926276570e-09
6.9987930982e+03    1.1808349449e-09
6.9988220435e+03    1.1714521312e-09
6.9988509888e+03    1.1624542753e-09
6.9988799341e+03    1.1537454670e-09
6.9989088794e+03    1.1508632266e-09
6.9989378247e+03    1.1417447158e-09
6.9989667700e+03    1.1388984356e-09
6.9989957153e+03    1.1360627938e-09
6.9990246606e+03    1.1240377175e-09
6.9990536059e+03    1.1212444308e-09
6.9990825512e+03    1.1184615510e-09
6.9991114965e+03    1.1141043391e-09
6.9991404418e+03    1.1026201082e-09
6.9991693871e+03    1.0998919276e-09
6.9991983324e+03    1.0922918799e-09
6.9992272777e+03    1.0895951631e-09
6.9992562230e+03    1.0816854911e-09
6.9992851683e+03    1.0790207408e-09
6.9993141136e+03    1.0763658319e-09
6.9993430589e+03    1.0737207159e-09
6.9993720042e+03    1.0551265862e-09
6.9994009495e+03    1.0358240311e-09
6.9994298948e+03    1.0233315829e-09
6.9994588401e+03    1.0208231868e-09
6.9994877854e+03    1.0183240071e-09
6.9995167307e+03    1.0158339990e-09
6.9995456760e+03    1.0133531174e-09
6.9995746213e+03    9.8338745818e-10
6.9996035666e+03    9.8098816755e-10
6.9996325119e+03    9.7859765113e-10
6.9996614572e+03    9.7621586616e-10
6.9996904025e+03    9.7384277017e-10
6.9997193478e+03    9.5125104919e-10
6.9997482931e+03    9.4894188382e-10
6.9997772384e+03    9.4664112011e-10
6.9998061837e+03    9.2686162176e-10
6.9998351290e+03    9.0282749392e-10
6.9998640743e+03    9.0064225556e-10
6.9998930196e+03    8.9846494432e-10
6.9999219649e+03    8.9629552190e-10
6.9999509102e+03    8.9413395020e-10
6.9999798555e+03    8.9198019139e-10
7.0000088008e+03    8.8113881261e-10
7.0000377461e+03    8.6696732458e-10
7.0000666914e+03    8.6488461009e-10
7.0000956367e+03    7.9581827685e-10
7.0001245820e+03    7.9390522842e-10
7.0001535273e+03    7.6370450193e-10
7.0001824726e+03    7.6187055160e-10
7.0002114179e+03    7.6004320079e-10
7.0002403632e+03    7.2613119133e-10
7.0002693085e+03    7.1277549362e-10
7.0002982538e+03    6.9232931401e-10
7.0003271991e+03    6.5130973053e-10
7.0003561444e+03    6.4974880248e-10
7.0003850897e+03    6.4546229188e-10
7.0004140350e+03    6.4391885259e-10
7.0004429803e+03    6.4238094311e-10
7.0004719256e+03    6.4084853705e-10
7.0005008709e+03    6.3932160818e-10
7.0005298162e+03    6.1726506721e-10
7.0005587615e+03    5.7653648415e-10
7.0005877068e+03    5.7516374787e-10
7.0006166521e+03    5.5556425306e-10
7.0006455974e+03    5.5424339517e-10
7.0006745427e+03    5.0880501719e-10
7.0007034880e+03    5.0759543535e-10
7.0007324333e+03    5.0639016142e-10
7.0007613786e+03    4.9657238162e-10
7.0007903239e+03    4.8150579501e-10
7.0008192692e+03    4.5692045167e-10
7.0008482145e+03    4.5583806852e-10
7.0008771598e+03    4.5004671672e-10
7.0009061051e+03    4.4262704684e-10
7.0009350504e+03    4.3449583491e-10
7.0009639957e+03    4.3347049648e-10
7.0009929410e+03    4.3244878276e-10
7.0010218863e+03    4.2781144443e-10
7.0010508316e+03    4.2137848464e-10
7.0010797769e+03    4.0237788751e-10
7.0011087222e+03    4.0143288106e-10
7.0011376675e+03    4.0049119934e-10
7.0011666128e+03    3.8332634087e-10
7.0011955581e+03    3.5152953557e-10
7.0012245034e+03    3.2024181774e-10
7.0012534487e+03    3.1949196265e-10
7.0012823940e+03    3.1874473776e-10
7.0013113393e+03    2.6653211039e-10
7.0013402846e+03    2.6590894637e-10
7.0013692299e+03    2.6528796490e-10
7.0013981752e+03    2.1697706854e-10
7.0014271205e+03    2.1647057211e-10
7.0014560658e+03    2.1596584678e-10
7.0014850111e+03    1.9773367464e-10
7.0015139564e+03    1.6463600549e-10
7.0015429017e+03    1.6425270996e-10
7.0015718470e+03    1.6387075117e-10
7.0016007923e+03    1.1782299836e-10
7.0016297376e+03    1.1179321636e-10
7.0016586829e+03    1.1153358781e-10
7.0016876282e+03    7.4502283096e-11
7.0017165735e+03    7.4329366528e-11
7.0017455188e+03    7.4157051135e-11
7.0017744641e+03    6.0569779117e-11
7.0018034094e+03    3.2240994767e-11
7.0018323547e+03    6.0294140340e-12
