6.9434119000e+03    1.6383910215e-11
6.9434412218e+03    1.6422386290e-11
6.9434705436e+03    1.6460998033e-11
6.9434998654e+03    1.6499746081e-11
6.9435291872e+03    1.6538631076e-11
6.9435585090e+03    1.6577653666e-11
6.9435878308e+03    1.6616814499e-11
6.9436171526e+03    1.6656114228e-11
6.9436464744e+03    1.6695553513e-11
6.9436757962e+03    1.6735133013e-11
6.9437051180e+03    1.6774853395e-11
6.9437344398e+03    1.6814715328e-11
6.9437637616e+03    1.6854719484e-11
6.9437930834e+03    1.6894866541e-11
6.9438224052e+03    1.6935157180e-11
6.9438517270e+03    1.6975592088e-11
6.9438810488e+03    1.7016171952e-11
6.9439103706e+03    1.7056897467e-11
6.9439396924e+03    1.7097769330e-11
6.9439690142e+03    1.7138788244e-11
6.9439983360e+03    1.7179954914e-11
6.9440276578e+03    1.7221270051e-11
6.9440569796e+03    1.7262734369e-11
6.9440863014e+03    1.7304348588e-11
6.9441156232e+03    1.7346113430e-11
6.9441449450e+03    1.7388029623e-11
6.9441742668e+03    1.7430097900e-11
6.9442035886e+03    1.7472318996e-11
6.9442329104e+03    1.7514693653e-11
6.9442622322e+03    1.7557222616e-11
6.9442915540e+03    1.7599906635e-11
6.9443208758e+03    1.7642746465e-11
6.9443501976e+03    1.7685742864e-11
6.9443795194e+03    6.6603757324e-11
6.9444088412e+03    6.6761883570e-11
6.9444381630e+03    6.6920573656e-11
6.9444674848e+03    6.7079830267e-11
6.9444968066e+03    1.3162893934e-10
6.9445261284e+03    1.3194064260e-10
6.9445554502e+03    1.3225345436e-10
6.9445847720e+03    1.3256737989e-10
6.9446140938e+03    1.3288242449e-10
6.9446434156e+03    1.3319859347e-10
6.9446727374e+03    1.7906533854e-10
6.9447020592e+03    1.7949077285e-10
6.9447313810e+03    1.7991772512e-10
6.9447607028e+03    1.8034620257e-10
6.9447900246e+03    1.8077621247e-10
6.9448193464e+03    1.8120776215e-10
6.9448486682e+03    2.3704425556e-10
6.9448779900e+03    2.3760904767e-10
6.9449073118e+03    2.3817586075e-10
6.9449366336e+03    2.3874470446e-10
6.9449659554e+03    2.3931558851e-10
6.9449952772e+03    2.3988852267e-10
6.9450245990e+03    2.4046351676e-10
6.9450539208e+03    2.4104058068e-10
6.9450832426e+03    2.4161972436e-10
6.9451125644e+03    2.4220095782e-10
6.9451418862e+03    2.4278429113e-10
6.9451712080e+03    2.4336973440e-10
6.9452005298e+03    2.4395729783e-10
6.9452298516e+03    2.4454699167e-10
6.9452591734e+03    2.4513882623e-10
6.9452884952e+03    2.4573281189e-10
6.9453178170e+03    2.4632895908e-10
6.9453471388e+03    2.4692727830e-10
6.9453764606e+03    2.4752778011e-10
6.9454057824e+03    2.4813047516e-10
6.9454351042e+03    2.4873537412e-10
6.9454644260e+03    2.4934248776e-10
6.9454937478e+03    2.4995182691e-10
6.9455230696e+03    2.5056340245e-10
6.9455523914e+03    2.5117722534e-10
6.9455817132e+03    2.5179330661e-10
6.9456110350e+03    2.5241165735e-10
6.9456403568e+03    2.5303228872e-10
6.9456696786e+03    2.5365521195e-10
6.9456990004e+03    2.5428043834e-10
6.9457283222e+03    2.5490797925e-10
6.9457576440e+03    2.5553784613e-10
6.9457869658e+03    2.5617005048e-10
6.9458162876e+03    2.5680460388e-10
6.9458456094e+03    2.5744151800e-10
6.9458749312e+03    2.5808080454e-10
6.9459042530e+03    2.5872247531e-10
6.9459335748e+03    2.5936654219e-10
6.9459628966e+03    2.6001301710e-10
6.9459922184e+03    2.6066191209e-10
6.9460215402e+03    2.6131323923e-10
6.9460508620e+03    2.6196701070e-10
6.9460801838e+03    2.6262323875e-10
6.9461095056e+03    2.6328193569e-10
6.9461388274e+03    2.6394311394e-10
6.9461681492e+03    2.6460678596e-10
6.9461974710e+03    2.6527296432e-10
6.9462267928e+03    2.6594166165e-10
6.9462561146e+03    2.6661289067e-10
6.9462854364e+03    2.6728666418e-10
6.9463147582e+03    2.6796299504e-10
6.9463440800e+03    2.6864189623e-10
6.9463734018e+03    2.6932338077e-10
6.9464027236e+03    2.7000746180e-10
6.9464320454e+03    2.7069415253e-10
6.9464613672e+03    2.7138346623e-10
6.9464906890e+03    2.7207541630e-10
6.9465200108e+03    2.7277001619e-10
6.9465493326e+03    2.7346727945e-10
6.9465786544e+03    2.7416721971e-10
6.9466079762e+03    2.7486985070e-10
6.9466372980e+03    2.7557518622e-10
6.9466666198e+03    2.7628324017e-10
6.9466959416e+03    2.7699402654e-10
6.9467252634e+03    2.7770755942e-10
6.9467545852e+03    2.7842385296e-10
6.9467839070e+03    2.7914292142e-10
6.9468132288e+03    2.7986477917e-10
6.9468425506e+03    2.8058944064e-10
6.9468718724e+03    2.8131692037e-10
6.9469011942e+03    2.8204723300e-10
6.9469305160e+03    2.8278039326e-10
6.9469598378e+03    2.8351641596e-10
6.9469891596e+03    2.8425531604e-10
6.9470184814e+03    2.8499710850e-10
6.9470478032e+03    2.8574180847e-10
6.9470771250e+03    2.8648943115e-10
6.9471064468e+03    2.8723999187e-10
6.9471357686e+03    2.8799350604e-10
6.9471650904e+03    2.8874998917e-10
6.9471944122e+03    2.8950945689e-10
6.9472237340e+03    2.9027192491e-10
6.9472530558e+03    2.9103740906e-10
6.9472823776e+03    2.9180592527e-10
6.9473116994e+03    2.9257748958e-10
6.9473410212e+03    2.9335211812e-10
6.9473703430e+03    2.9412982715e-10
6.9473996648e+03    2.9491063301e-10
6.9474289866e+03    2.9569455218e-10
6.9474583084e+03    2.9648160122e-10
6.9474876302e+03    2.9727179682e-10
6.9475169520e+03    2.9806515578e-10
6.9475462738e+03    2.9886169501e-10
6.9475755956e+03    2.9966143152e-10
6.9476049174e+03    3.0046438246e-10
6.9476342392e+03    3.0127056506e-10
6.9476635610e+03    3.0207999671e-10
6.9476928828e+03    3.0289269487e-10
6.9477222046e+03    3.0370867715e-10
6.9477515264e+03    3.0452796127e-10
6.9477808482e+03    3.0535056507e-10
6.9478101700e+03    3.0617650651e-10
6.9478394918e+03    3.0700580367e-10
6.9478688136e+03    3.2400889194e-10
6.9478981354e+03    3.2488295095e-10
6.9479274572e+03    3.2576055472e-10
6.9479567790e+03    3.2664172244e-10
6.9479861008e+03    3.2752647346e-10
6.9480154226e+03    3.2841482725e-10
6.9480447444e+03    3.2930680341e-10
6.9480740662e+03    3.3020242167e-10
6.9481033880e+03    3.3110170192e-10
6.9481327098e+03    3.3200466415e-10
6.9481620316e+03    3.3291132851e-10
6.9481913534e+03    3.3382171528e-10
6.9482206752e+03    3.3473584488e-10
6.9482499970e+03    3.3565373789e-10
6.9482793188e+03    3.3657541499e-10
6.9483086406e+03    3.3750089703e-10
6.9483379624e+03    3.3843020501e-10
6.9483672842e+03    3.3936336005e-10
6.9483966060e+03    3.4030038345e-10
6.9484259278e+03    3.4124129662e-10
6.9484552496e+03    3.4218612115e-10
6.9484845714e+03    3.4313487876e-10
6.9485138932e+03    3.4408759134e-10
6.9485432150e+03    3.4504428090e-10
6.9485725368e+03    3.4600496964e-10
6.9486018586e+03    3.4696967989e-10
6.9486311804e+03    3.5455460721e-10
6.9486605022e+03    3.5554297891e-10
6.9486898240e+03    3.5653549496e-10
6.9487191458e+03    3.7192931715e-10
6.9487484676e+03    3.9285287485e-10
6.9487777894e+03    3.9744571100e-10
6.9488071112e+03    4.0707599284e-10
6.9488364330e+03    4.0819914418e-10
6.9488657548e+03    4.0932696908e-10
6.9488950766e+03    4.1045949363e-10
6.9489243984e+03    4.1159674404e-10
6.9489537202e+03    4.2271794424e-10
6.9489830420e+03    4.2388817928e-10
6.9490123638e+03    4.2506330279e-10
6.9490416856e+03    4.2624334215e-10
6.9490710074e+03    4.3246994699e-10
6.9491003292e+03    4.5189281983e-10
6.9491296510e+03    4.6016538552e-10
6.9491589728e+03    4.6143675086e-10
6.9491882946e+03    4.6531611146e-10
6.9492176164e+03    4.6767860873e-10
6.9492469382e+03    4.7618355112e-10
6.9492762600e+03    4.7750195194e-10
6.9493055818e+03    4.7882587118e-10
6.9493349036e+03    4.8015533987e-10
6.9493642254e+03    4.8149038923e-10
6.9493935472e+03    4.8283105073e-10
6.9494228690e+03    4.9195716823e-10
6.9494521908e+03    4.9332742126e-10
6.9494815126e+03    4.9470344659e-10
6.9495108344e+03    5.0074247649e-10
6.9495401562e+03    5.0214108378e-10
6.9495694780e+03    5.1145591507e-10
6.9495987998e+03    5.1288496771e-10
6.9496281216e+03    5.1432006291e-10
6.9496574434e+03    5.1576123500e-10
6.9496867652e+03    5.3598971777e-10
6.9497160870e+03    5.3748728441e-10
6.9497454088e+03    5.5159622784e-10
6.9497747306e+03    5.6884498047e-10
6.9498040524e+03    5.7042832121e-10
6.9498333742e+03    5.9053833706e-10
6.9498626960e+03    5.9217857242e-10
6.9498920178e+03    6.0872143756e-10
6.9499213396e+03    6.2280786040e-10
6.9499506614e+03    6.3424193739e-10
6.9499799832e+03    6.3599735532e-10
6.9500093050e+03    6.3776015139e-10
6.9500386268e+03    6.3953036745e-10
6.9500679486e+03    6.6395865468e-10
6.9500972704e+03    6.6579708892e-10
6.9501265922e+03    6.8484978309e-10
6.9501559140e+03    6.8674417249e-10
6.9501852358e+03    6.8864652803e-10
6.9502145576e+03    7.1267990838e-10
6.9502438794e+03    7.3370585868e-10
6.9502732012e+03    7.3572931550e-10
6.9503025230e+03    7.5993997480e-10
6.9503318448e+03    7.9007249179e-10
6.9503611666e+03    8.1848537404e-10
6.9503904884e+03    8.2072337071e-10
6.9504198102e+03    8.2297069009e-10
6.9504491320e+03    8.5346089624e-10
6.9504784538e+03    8.5579336658e-10
6.9505077756e+03    8.5813555255e-10
6.9505370974e+03    8.8944473026e-10
6.9505664192e+03    9.2869982243e-10
6.9505957410e+03    9.3122634119e-10
6.9506250628e+03    9.3376334394e-10
6.9506543846e+03    9.3631088967e-10
6.9506837064e+03    9.9308741559e-10
6.9507130282e+03    9.9989518474e-10
6.9507423500e+03    1.0366493566e-09
6.9507716718e+03    1.0394576156e-09
6.9508009936e+03    1.0422774887e-09
6.9508303154e+03    1.1097038541e-09
6.9508596372e+03    1.1126989114e-09
6.9508889590e+03    1.1227063484e-09
6.9509182808e+03    1.1257426129e-09
6.9509476026e+03    1.1287914205e-09
6.9509769244e+03    1.1318528416e-09
6.9510062462e+03    1.1349269471e-09
6.9510355680e+03    1.1585079807e-09
6.9510648898e+03    1.1853796929e-09
6.9510942116e+03    1.2366910080e-09
6.9511235334e+03    1.2400339526e-09
6.9511528552e+03    1.2492715239e-09
6.9511821770e+03    1.2526559895e-09
6.9512114988e+03    1.2638288929e-09
6.9512408206e+03    1.2785963853e-09
6.9512701424e+03    1.3017791809e-09
6.9512994642e+03    1.3094464081e-09
6.9513287860e+03    1.3130032499e-09
6.9513581078e+03    1.3493369813e-09
6.9513874296e+03    1.3646151746e-09
6.9514167514e+03    1.3832805892e-09
6.9514460732e+03    1.3949306342e-09
6.9514753950e+03    1.4188297657e-09
6.9515047168e+03    1.4226834581e-09
6.9515340386e+03    1.4265531703e-09
6.9515633604e+03    1.4505695314e-09
6.9515926822e+03    1.4632736399e-09
6.9516220040e+03    1.4945609827e-09
6.9516513258e+03    1.4986281061e-09
6.9516806476e+03    1.5027121769e-09
6.9517099694e+03    1.5068132913e-09
6.9517392912e+03    1.5707786330e-09
6.9517686130e+03    1.5881640253e-09
6.9517979348e+03    1.6353121849e-09
6.9518272566e+03    1.6465249467e-09
6.9518565784e+03    1.6677006244e-09
6.9518859002e+03    1.6722363391e-09
6.9519152220e+03    1.7077516118e-09
6.9519445438e+03    1.7123980303e-09
6.9519738656e+03    1.7657413646e-09
6.9520031874e+03    1.7705410195e-09
6.9520325092e+03    1.7854535507e-09
6.9520618310e+03    1.7951073057e-09
6.9520911528e+03    1.8000023526e-09
6.9521204746e+03    1.8049178704e-09
6.9521497964e+03    1.8098539759e-09
6.9521791182e+03    1.8148107868e-09
6.9522084400e+03    1.8197884219e-09
6.9522377618e+03    1.8247870004e-09
6.9522670836e+03    1.8298066429e-09
6.9522964054e+03    1.8348474705e-09
6.9523257272e+03    1.8399096053e-09
6.9523550490e+03    1.8449931703e-09
6.9523843708e+03    1.8500982896e-09
6.9524136926e+03    1.8552250879e-09
6.9524430144e+03    1.8603736910e-09
6.9524723362e+03    1.8655442257e-09
6.9525016580e+03    1.8707368196e-09
6.9525309798e+03    1.8759516013e-09
6.9525603016e+03    1.8811887003e-09
6.9525896234e+03    1.8864482474e-09
6.9526189452e+03    1.8917303739e-09
6.9526482670e+03    1.8970352123e-09
6.9526775888e+03    1.9023628963e-09
6.9527069106e+03    1.9077135602e-09
6.9527362324e+03    1.9130873397e-09
6.9527655542e+03    1.9184843712e-09
6.9527948760e+03    1.9239047925e-09
6.9528241978e+03    1.9293487420e-09
6.9528535196e+03    1.9348163596e-09
6.9528828414e+03    1.9403077858e-09
6.9529121632e+03    1.9458231627e-09
6.9529414850e+03    1.9513626331e-09
6.9529708068e+03    1.9569263410e-09
6.9530001286e+03    1.9625144315e-09
6.9530294504e+03    1.9681270508e-09
6.9530587722e+03    1.9737643463e-09
6.9530880940e+03    1.9794264665e-09
6.9531174158e+03    1.9851135610e-09
6.9531467376e+03    1.9908257807e-09
6.9531760594e+03    1.9965632774e-09
6.9532053812e+03    2.0023262043e-09
6.9532347030e+03    2.0081147157e-09
6.9532640248e+03    2.0139289673e-09
6.9532933466e+03    2.0197691157e-09
6.9533226684e+03    2.0256353189e-09
6.9533519902e+03    2.0315277361e-09
6.9533813120e+03    2.0374465279e-09
6.9534106338e+03    2.0433918558e-09
6.9534399556e+03    2.0493638830e-09
6.9534692774e+03    2.0553627737e-09
6.9534985992e+03    2.0613886936e-09
6.9535279210e+03    2.0674418094e-09
6.9535572428e+03    2.0735222895e-09
6.9535865646e+03    2.0796303034e-09
6.9536158864e+03    2.0857660219e-09
6.9536452082e+03    2.0919296175e-09
6.9536745300e+03    2.0981212637e-09
6.9537038518e+03    2.1043411356e-09
6.9537331736e+03    2.1105894097e-09
6.9537624954e+03    2.1168662637e-09
6.9537918172e+03    2.1231718771e-09
6.9538211390e+03    2.1295064305e-09
6.9538504608e+03    2.1358701062e-09
6.9538797826e+03    2.1422630879e-09
6.9539091044e+03    2.1486855607e-09
6.9539384262e+03    2.1551377114e-09
6.9539677480e+03    2.1616197280e-09
6.9539970698e+03    2.1681318004e-09
6.9540263916e+03    2.1746741199e-09
6.9540557134e+03    2.1812468793e-09
6.9540850352e+03    2.1878502731e-09
6.9541143570e+03    2.1944844973e-09
6.9541436788e+03    2.2011497495e-09
6.9541730006e+03    2.2078462290e-09
6.9542023224e+03    2.2145741369e-09
6.9542316442e+03    2.2213336756e-09
6.9542609660e+03    2.2281250495e-09
6.9542902878e+03    2.2349484646e-09
6.9543196096e+03    2.2418041285e-09
6.9543489314e+03    2.2486922507e-09
6.9543782532e+03    2.2556130424e-09
6.9544075750e+03    2.2625667165e-09
6.9544368968e+03    2.2695534878e-09
6.9544662186e+03    2.2765735729e-09
6.9544955404e+03    2.2836271900e-09
6.9545248622e+03    2.2907145596e-09
6.9545541840e+03    2.2978359035e-09
6.9545835058e+03    2.3049914459e-09
6.9546128276e+03    2.3121814126e-09
6.9546421494e+03    2.3194060314e-09
6.9546714712e+03    2.3266655320e-09
6.9547007930e+03    2.3339601462e-09
6.9547301148e+03    2.3412901077e-09
6.9547594366e+03    2.3486556522e-09
6.9547887584e+03    2.3560570173e-09
6.9548180802e+03    2.3634944430e-09
6.9548474020e+03    2.3709681710e-09
6.9548767238e+03    2.3784784453e-09
6.9549060456e+03    2.3860255119e-09
6.9549353674e+03    2.3936096191e-09
6.9549646892e+03    2.4012310173e-09
6.9549940110e+03    2.4088899589e-09
6.9550233328e+03    2.4165866987e-09
6.9550526546e+03    2.4243214938e-09
6.9550819764e+03    2.4320946033e-09
6.9551112982e+03    2.4399062888e-09
6.9551406200e+03    2.4477568142e-09
6.9551699418e+03    2.4556464455e-09
6.9551992636e+03    2.4635754514e-09
6.9552285854e+03    2.4715441027e-09
6.9552579072e+03    2.4795526727e-09
6.9552872290e+03    2.4876014372e-09
6.9553165508e+03    2.4956906744e-09
6.9553458726e+03    2.5038206650e-09
6.9553751944e+03    2.5119916922e-09
6.9554045162e+03    2.5202040417e-09
6.9554338380e+03    2.5284580020e-09
6.9554631598e+03    2.5367538639e-09
6.9554924816e+03    2.5450919210e-09
6.9555218034e+03    2.5534724695e-09
6.9555511252e+03    2.5618958083e-09
6.9555804470e+03    2.5703622392e-09
6.9556097688e+03    2.5788720664e-09
6.9556390906e+03    2.5874255972e-09
6.9556684124e+03    2.5960231415e-09
6.9556977342e+03    2.6046650122e-09
6.9557270560e+03    2.6133515249e-09
6.9557563778e+03    2.6220829983e-09
6.9557856996e+03    2.6308597540e-09
6.9558150214e+03    2.6396821165e-09
6.9558443432e+03    2.6485504133e-09
6.9558736650e+03    2.6574649751e-09
6.9559029868e+03    2.6664261355e-09
6.9559323086e+03    2.6754342313e-09
6.9559616304e+03    2.6844896026e-09
6.9559909522e+03    2.6935925923e-09
6.9560202740e+03    2.7027435470e-09
6.9560495958e+03    2.7119428162e-09
6.9560789176e+03    2.7211907530e-09
6.9561082394e+03    2.7304877135e-09
6.9561375612e+03    2.7398340574e-09
6.9561668830e+03    2.7492301478e-09
6.9561962048e+03    2.7586763514e-09
6.9562255266e+03    2.7681730380e-09
6.9562548484e+03    2.7777205814e-09
6.9562841702e+03    2.7873193587e-09
6.9563134920e+03    2.7969697507e-09
6.9563428138e+03    2.8066721419e-09
6.9563721356e+03    2.8164269205e-09
6.9564014574e+03    2.8262344784e-09
6.9564307792e+03    2.8360952115e-09
6.9564601010e+03    2.8460095193e-09
6.9564894228e+03    2.8559778054e-09
6.9565187446e+03    2.8660004771e-09
6.9565480664e+03    2.8760779461e-09
6.9565773882e+03    2.8862106278e-09
6.9566067100e+03    2.8963989417e-09
6.9566360318e+03    2.9066433117e-09
6.9566653536e+03    2.9169441656e-09
6.9566946754e+03    2.9273019356e-09
6.9567239972e+03    2.9377170582e-09
6.9567533190e+03    2.9481899742e-09
6.9567826408e+03    2.9587211289e-09
6.9568119626e+03    2.9693109718e-09
6.9568412844e+03    2.9799599573e-09
6.9568706062e+03    2.9906685440e-09
6.9568999280e+03    3.0014371954e-09
6.9569292498e+03    3.0122663795e-09
6.9569585716e+03    3.0231565692e-09
6.9569878934e+03    3.0341082421e-09
6.9570172152e+03    3.0451218807e-09
6.9570465370e+03    3.0561979724e-09
6.9570758588e+03    3.0673370097e-09
6.9571051806e+03    3.0785394899e-09
6.9571345024e+03    3.0898059157e-09
6.9571638242e+03    3.1011367949e-09
6.9571931460e+03    3.1125326403e-09
6.9572224678e+03    3.1239939705e-09
6.9572517896e+03    3.1355213091e-09
6.9572811114e+03    3.1471151852e-09
6.9573104332e+03    3.1587761336e-09
6.9573397550e+03    3.1705046945e-09
6.9573690768e+03    3.1823014140e-09
6.9573983986e+03    3.1941668438e-09
6.9574277204e+03    3.2061015413e-09
6.9574570422e+03    3.2181060700e-09
6.9574863640e+03    3.2301809993e-09
6.9575156858e+03    3.2423269047e-09
6.9575450076e+03    3.2545443677e-09
6.9575743294e+03    3.2668339762e-09
6.9576036512e+03    3.2791963243e-09
6.9576329730e+03    3.2916320124e-09
6.9576622948e+03    3.3041416476e-09
6.9576916166e+03    3.3167258432e-09
6.9577209384e+03    3.3293852196e-09
6.9577502602e+03    3.3421204035e-09
6.9577795820e+03    3.3549320286e-09
6.9578089038e+03    3.3678207356e-09
6.9578382256e+03    3.3807871722e-09
6.9578675474e+03    3.3938319930e-09
6.9578968692e+03    3.4069558600e-09
6.9579261910e+03    3.4201594424e-09
6.9579555128e+03    3.4334434170e-09
6.9579848346e+03    3.4468084677e-09
6.9580141564e+03    3.4602552865e-09
6.9580434782e+03    3.4737845727e-09
6.9580728000e+03    3.4873970336e-09
6.9581021218e+03    3.5010933846e-09
6.9581314436e+03    3.5148743487e-09
6.9581607654e+03    3.5287406576e-09
6.9581900872e+03    3.5426930507e-09
6.9582194090e+03    3.5567322763e-09
6.9582487308e+03    3.5708590908e-09
6.9582780526e+03    3.5850742596e-09
6.9583073744e+03    3.5993785564e-09
6.9583366962e+03    3.6137727643e-09
6.9583660180e+03    3.6282576748e-09
6.9583953398e+03    3.6428340891e-09
6.9584246616e+03    3.6575028173e-09
6.9584539834e+03    3.6722646790e-09
6.9584833052e+03    3.6871205034e-09
6.9585126270e+03    3.7020711292e-09
6.9585419488e+03    3.7171174050e-09
6.9585712706e+03    3.7322601894e-09
6.9586005924e+03    3.7475003511e-09
6.9586299142e+03    3.7628387689e-09
6.9586592360e+03    3.7782763322e-09
6.9586885578e+03    3.7938139408e-09
6.9587178796e+03    3.8094525052e-09
6.9587472014e+03    3.8251929469e-09
6.9587765232e+03    3.8410361984e-09
6.9588058450e+03    3.8569832032e-09
6.9588351668e+03    3.8730349163e-09
6.9588644886e+03    3.8891923044e-09
6.9588938104e+03    3.9054563456e-09
6.9589231322e+03    3.9218280301e-09
6.9589524540e+03    3.9383083601e-09
6.9589817758e+03    3.9548983500e-09
6.9590110976e+03    3.9715990267e-09
6.9590404194e+03    3.9884114297e-09
6.9590697412e+03    4.0053366113e-09
6.9590990630e+03    4.0223756368e-09
6.9591283848e+03    4.0395295849e-09
6.9591577066e+03    4.0567995474e-09
6.9591870284e+03    4.0741866301e-09
6.9592163502e+03    4.0916919524e-09
6.9592456720e+03    4.1093166477e-09
6.9592749938e+03    4.1270618640e-09
6.9593043156e+03    4.1449287635e-09
6.9593336374e+03    4.1629185234e-09
6.9593629592e+03    4.1810323356e-09
6.9593922810e+03    4.1992714073e-09
6.9594216028e+03    4.2176369614e-09
6.9594509246e+03    4.2361302362e-09
6.9594802464e+03    4.2547524860e-09
6.9595095682e+03    4.2735049814e-09
6.9595388900e+03    4.2923890095e-09
6.9595682118e+03    4.3114058741e-09
6.9595975336e+03    4.3305568960e-09
6.9596268554e+03    4.3498434132e-09
6.9596561772e+03    4.3692667814e-09
6.9596854990e+03    4.3888283743e-09
6.9597148208e+03    4.4085295834e-09
6.9597441426e+03    4.4283718189e-09
6.9597734644e+03    4.4483565098e-09
6.9598027862e+03    4.4684851040e-09
6.9598321080e+03    4.4887590691e-09
6.9598614298e+03    4.5091798920e-09
6.9598907516e+03    4.5297490800e-09
6.9599200734e+03    4.5504681607e-09
6.9599493952e+03    4.5713386824e-09
6.9599787170e+03    4.5923622146e-09
6.9600080388e+03    4.6135403481e-09
6.9600373606e+03    4.6348746956e-09
6.9600666824e+03    4.6563668920e-09
6.9600960042e+03    4.6780185948e-09
6.9601253260e+03    4.6998314845e-09
6.9601546478e+03    4.7218072649e-09
6.9601839696e+03    4.7439476635e-09
6.9602132914e+03    4.7662544323e-09
6.9602426132e+03    4.7887293475e-09
6.9602719350e+03    4.8113742107e-09
6.9603012568e+03    4.8341908489e-09
6.9603305786e+03    4.8571811149e-09
6.9603599004e+03    4.8803468881e-09
6.9603892222e+03    4.9036900747e-09
6.9604185440e+03    4.9272126082e-09
6.9604478658e+03    4.9509164501e-09
6.9604771876e+03    4.9748035902e-09
6.9605065094e+03    4.9988760471e-09
6.9605358312e+03    5.0231358689e-09
6.9605651530e+03    5.0475851336e-09
6.9605944748e+03    5.0722259497e-09
6.9606237966e+03    5.0970604567e-09
6.9606531184e+03    5.1220908257e-09
6.9606824402e+03    5.1473192602e-09
6.9607117620e+03    5.1727479962e-09
6.9607410838e+03    5.1983793034e-09
6.9607704056e+03    5.2242154854e-09
6.9607997274e+03    5.2502588804e-09
6.9608290492e+03    5.2765118622e-09
6.9608583710e+03    5.3029768404e-09
6.9608876928e+03    5.3296562613e-09
6.9609170146e+03    5.3565526087e-09
6.9609463364e+03    5.3836684045e-09
6.9609756582e+03    5.4110062093e-09
6.9610049800e+03    5.4385686234e-09
6.9610343018e+03    5.4663582876e-09
6.9610636236e+03    5.4943778837e-09
6.9610929454e+03    5.5226301354e-09
6.9611222672e+03    5.5511178093e-09
6.9611515890e+03    5.5798437155e-09
6.9611809108e+03    5.6088107088e-09
6.9612102326e+03    5.6380216892e-09
6.9612395544e+03    5.6674796030e-09
6.9612688762e+03    5.6971874437e-09
6.9612981980e+03    5.7271482530e-09
6.9613275198e+03    5.7573651216e-09
6.9613568416e+03    5.7878411905e-09
6.9613861634e+03    5.8185796517e-09
6.9614154852e+03    5.8495837494e-09
6.9614448070e+03    5.8808567811e-09
6.9614741288e+03    5.9124020986e-09
6.9615034506e+03    5.9442231091e-09
6.9615327724e+03    5.9763232767e-09
6.9615620942e+03    6.0087061230e-09
6.9615914160e+03    6.0413752288e-09
6.9616207378e+03    6.0743342350e-09
6.9616500596e+03    6.1075868442e-09
6.9616793814e+03    6.1411368217e-09
6.9617087032e+03    6.1749879971e-09
6.9617380250e+03    6.2091442653e-09
6.9617673468e+03    6.2436095885e-09
6.9617966686e+03    6.2783879970e-09
6.9618259904e+03    6.3134835911e-09
6.9618553122e+03    6.3489005425e-09
6.9618846340e+03    6.3846430958e-09
6.9619139558e+03    6.4207155703e-09
6.9619432776e+03    6.4571223613e-09
6.9619725994e+03    6.4938679420e-09
6.9620019212e+03    6.5309568654e-09
6.9620312430e+03    6.5683937658e-09
6.9620605648e+03    6.6061833607e-09
6.9620898866e+03    6.6443304526e-09
6.9621192084e+03    6.6828399312e-09
6.9621485302e+03    6.7217167751e-09
6.9621778520e+03    6.7609660539e-09
6.9622071738e+03    6.8005929304e-09
6.9622364956e+03    6.8406026627e-09
6.9622658174e+03    6.8810006062e-09
6.9622951392e+03    6.9217922161e-09
6.9623244610e+03    6.9629830497e-09
6.9623537828e+03    7.0045787688e-09
6.9623831046e+03    7.0465851421e-09
6.9624124264e+03    7.0890080475e-09
6.9624417482e+03    7.1318534754e-09
6.9624710700e+03    7.1751275305e-09
6.9625003918e+03    7.2188364353e-09
6.9625297136e+03    7.2629865324e-09
6.9625590354e+03    7.3075842879e-09
6.9625883572e+03    7.3526362938e-09
6.9626176790e+03    7.3981492717e-09
6.9626470008e+03    7.4441300757e-09
6.9626763226e+03    7.4905856954e-09
6.9627056444e+03    7.5375232600e-09
6.9627349662e+03    7.5849500409e-09
6.9627642880e+03    7.6328734560e-09
6.9627936098e+03    7.6813010730e-09
6.9628229316e+03    7.7302406132e-09
6.9628522534e+03    7.7796999555e-09
6.9628815752e+03    7.8296871407e-09
6.9629108970e+03    7.8802103749e-09
6.9629402188e+03    7.9312780347e-09
6.9629695406e+03    7.9828986709e-09
6.9629988624e+03    8.0350810135e-09
6.9630281842e+03    8.0878339760e-09
6.9630575060e+03    8.1411666608e-09
6.9630868278e+03    8.1950883634e-09
6.9631161496e+03    8.2496085785e-09
6.9631454714e+03    8.3047370044e-09
6.9631747932e+03    8.3604835492e-09
6.9632041150e+03    8.4168583360e-09
6.9632334368e+03    8.4738717092e-09
6.9632627586e+03    8.5315342399e-09
6.9632920804e+03    8.5898567329e-09
6.9633214022e+03    8.6488502324e-09
6.9633507240e+03    8.7085260293e-09
6.9633800458e+03    8.7688956675e-09
6.9634093676e+03    8.8299709517e-09
6.9634386894e+03    8.8917639540e-09
6.9634680112e+03    8.9542870220e-09
6.9634973330e+03    9.0175527865e-09
6.9635266548e+03    9.0815741696e-09
6.9635559766e+03    9.1463643931e-09
6.9635852984e+03    9.2119369872e-09
6.9636146202e+03    9.2783057997e-09
6.9636439420e+03    9.3454850050e-09
6.9636732638e+03    9.4134891138e-09
6.9637025856e+03    9.4823329832e-09
6.9637319074e+03    9.5520318270e-09
6.9637612292e+03    9.6226012264e-09
6.9637905510e+03    9.6940571410e-09
6.9638198728e+03    9.7664159202e-09
6.9638491946e+03    9.8396943156e-09
6.9638785164e+03    9.9139094927e-09
6.9639078382e+03    9.9890790440e-09
6.9639371600e+03    1.0065221002e-08
6.9639664818e+03    1.0142353854e-08
6.9639958036e+03    1.0220496555e-08
6.9640251254e+03    1.0299668543e-08
6.9640544472e+03    1.0379889755e-08
6.9640837690e+03    1.0461180641e-08
6.9641130908e+03    1.0543562183e-08
6.9641424126e+03    1.0627055911e-08
6.9641717344e+03    1.0711683922e-08
6.9642010562e+03    1.0797468896e-08
6.9642303780e+03    1.0884434117e-08
6.9642596998e+03    1.0972603495e-08
6.9642890216e+03    1.1062001581e-08
6.9643183434e+03    1.1152653597e-08
6.9643476652e+03    1.1244585450e-08
6.9643769870e+03    1.1337823762e-08
6.9644063088e+03    1.1432395891e-08
6.9644356306e+03    1.1528329958e-08
6.9644649524e+03    1.1625654871e-08
6.9644942742e+03    1.1724400356e-08
6.9645235960e+03    1.1824596984e-08
6.9645529178e+03    1.1926276201e-08
6.9645822396e+03    1.2029470359e-08
6.9646115614e+03    1.2134212747e-08
6.9646408832e+03    1.2240537630e-08
6.9646702050e+03    1.2348480279e-08
6.9646995268e+03    1.2458077010e-08
6.9647288486e+03    1.2569365223e-08
6.9647581704e+03    1.2682383441e-08
6.9647874922e+03    1.2797171353e-08
6.9648168140e+03    1.2913769859e-08
6.9648461358e+03    1.3032221112e-08
6.9648754576e+03    1.3152568569e-08
6.9649047794e+03    1.3274857043e-08
6.9649341012e+03    1.3399132750e-08
6.9649634230e+03    1.3525443368e-08
6.9649927448e+03    1.3653838092e-08
6.9650220666e+03    1.3784367697e-08
6.9650513884e+03    1.3917084599e-08
6.9650807102e+03    1.4052042918e-08
6.9651100320e+03    1.4189298555e-08
6.9651393538e+03    1.4328909255e-08
6.9651686756e+03    1.4470934690e-08
6.9651979974e+03    1.4615436536e-08
6.9652273192e+03    1.4762478556e-08
6.9652566410e+03    1.4912126687e-08
6.9652859628e+03    1.5064449135e-08
6.9653152846e+03    1.5219516471e-08
6.9653446064e+03    1.5377401730e-08
6.9653739282e+03    1.5538180520e-08
6.9654032500e+03    1.5701931134e-08
6.9654325718e+03    1.5868734670e-08
6.9654618936e+03    1.6038675151e-08
6.9654912154e+03    1.6211839660e-08
6.9655205372e+03    1.6388318478e-08
6.9655498590e+03    1.6568205225e-08
6.9655791808e+03    1.6751597018e-08
6.9656085026e+03    1.6938594631e-08
6.9656378244e+03    1.7129302665e-08
6.9656671462e+03    1.7323829727e-08
6.9656964680e+03    1.7522288623e-08
6.9657257898e+03    1.7724796554e-08
6.9657551116e+03    1.7931475333e-08
6.9657844334e+03    1.8142451606e-08
6.9658137552e+03    1.8357857088e-08
6.9658430770e+03    1.8577828818e-08
6.9658723988e+03    1.8802509420e-08
6.9659017206e+03    1.9032047387e-08
6.9659310424e+03    1.9266597378e-08
6.9659603642e+03    1.9506320534e-08
6.9659896860e+03    1.9751384810e-08
6.9660190078e+03    2.0001965337e-08
6.9660483296e+03    2.0258244790e-08
6.9660776514e+03    2.0520413798e-08
6.9661069732e+03    2.0788671362e-08
6.9661362950e+03    2.1063225310e-08
6.9661656168e+03    2.1344292779e-08
6.9661949386e+03    2.1632100725e-08
6.9662242604e+03    2.1926886468e-08
6.9662535822e+03    2.2228898272e-08
6.9662829040e+03    2.2538395965e-08
6.9663122258e+03    2.2855651591e-08
6.9663415476e+03    2.3180950121e-08
6.9663708694e+03    2.3514590195e-08
6.9664001912e+03    2.3856884924e-08
6.9664295130e+03    2.4208162743e-08
6.9664588348e+03    2.4568768325e-08
6.9664881566e+03    2.4939063547e-08
6.9665174784e+03    2.5319428541e-08
6.9665468002e+03    2.5710262796e-08
6.9665761220e+03    2.6111986355e-08
6.9666054438e+03    2.6525041083e-08
6.9666347656e+03    2.6949892031e-08
6.9666640874e+03    2.7387028889e-08
6.9666934092e+03    2.7836967545e-08
6.9667227310e+03    2.8300251751e-08
6.9667520528e+03    2.8777454910e-08
6.9667813746e+03    2.9269181980e-08
6.9668106964e+03    2.9776071514e-08
6.9668400182e+03    3.0298797843e-08
6.9668693400e+03    3.0838073405e-08
6.9668986618e+03    3.1394651231e-08
6.9669279836e+03    3.1969327602e-08
6.9669573054e+03    3.2562944872e-08
6.9669866272e+03    3.3176394476e-08
6.9670159490e+03    3.3810620125e-08
6.9670452708e+03    3.4466621192e-08
6.9670745926e+03    3.5145456284e-08
6.9671039144e+03    3.5848247018e-08
6.9671332362e+03    3.6576181970e-08
6.9671625580e+03    3.7330520811e-08
6.9671918798e+03    3.8112598591e-08
6.9672212016e+03    3.8923830164e-08
6.9672505234e+03    3.9765714695e-08
6.9672798452e+03    4.0639840216e-08
6.9673091670e+03    4.1547888146e-08
6.9673384888e+03    4.2491637688e-08
6.9673678106e+03    4.3472969979e-08
6.9673971324e+03    4.4493871838e-08
6.9674264542e+03    4.5556438919e-08
6.9674557760e+03    4.6662878008e-08
6.9674850978e+03    4.7815508179e-08
6.9675144196e+03    4.9016760407e-08
6.9675437414e+03    5.0269175199e-08
6.9675730632e+03    5.1575397673e-08
6.9676023850e+03    5.2938169439e-08
6.9676317068e+03    5.4360316504e-08
6.9676610286e+03    5.5844732313e-08
6.9676903504e+03    5.7394354928e-08
6.9677196722e+03    5.9012137236e-08
6.9677489940e+03    6.0701009036e-08
6.9677783158e+03    6.2463829822e-08
6.9678076376e+03    6.4303331207e-08
6.9678369594e+03    6.6222048144e-08
6.9678662812e+03    6.8222238545e-08
6.9678956030e+03    7.0305791619e-08
6.9679249248e+03    7.2474126280e-08
6.9679542466e+03    7.4728082428e-08
6.9679835684e+03    7.7067809850e-08
6.9680128902e+03    7.9492661769e-08
6.9680422120e+03    8.2001102834e-08
6.9680715338e+03    8.4590644137e-08
6.9681008556e+03    8.7257820477e-08
6.9681301774e+03    8.9998226868e-08
6.9681594992e+03    9.2806631602e-08
6.9681888210e+03    9.5677181133e-08
6.9682181428e+03    9.8603707010e-08
6.9682474646e+03    1.0158013655e-07
6.9682767864e+03    1.0460099728e-07
6.9683061082e+03    1.0766199116e-07
6.9683354300e+03    1.1076060069e-07
6.9683647518e+03    1.1389667725e-07
6.9683940736e+03    1.1707295570e-07
6.9684233954e+03    1.2029544102e-07
6.9684527172e+03    1.2357362230e-07
6.9684820390e+03    1.2692048695e-07
6.9685113608e+03    1.3035233011e-07
6.9685406826e+03    1.3388837620e-07
6.9685700044e+03    1.3755024836e-07
6.9685993262e+03    1.4136133268e-07
6.9686286480e+03    1.4534608676e-07
6.9686579698e+03    1.4952933701e-07
6.9686872916e+03    1.5393559739e-07
6.9687166134e+03    1.5858842817e-07
6.9687459352e+03    1.6350983842e-07
6.9687752570e+03    1.6871972342e-07
6.9688045788e+03    1.7423531925e-07
6.9688339006e+03    1.8007065202e-07
6.9688632224e+03    1.8623595877e-07
6.9688925442e+03    1.9273706032e-07
6.9689218660e+03    1.9957467377e-07
6.9689511878e+03    2.0674366221e-07
6.9689805096e+03    2.1423223257e-07
6.9690098314e+03    2.2202110792e-07
6.9690391532e+03    2.3008271777e-07
6.9690684750e+03    2.3838046772e-07
6.9690977968e+03    2.4686816629e-07
6.9691271186e+03    2.5548969934e-07
6.9691564404e+03    2.6417904789e-07
6.9691857622e+03    2.7286074015e-07
6.9692150840e+03    2.8145080982e-07
6.9692444058e+03    2.8985829895e-07
6.9692737276e+03    2.9798729601e-07
6.9693030494e+03    3.0573944186e-07
6.9693323712e+03    3.1301677668e-07
6.9693616930e+03    3.1972474792e-07
6.9693910148e+03    3.2577516569e-07
6.9694203366e+03    3.3108888384e-07
6.9694496584e+03    3.3559800902e-07
6.9694789802e+03    3.3924749291e-07
6.9695083020e+03    3.4199603712e-07
6.9695376238e+03    3.4381632397e-07
6.9695669456e+03    3.4469466259e-07
6.9695962674e+03    3.4463019708e-07
6.9696255892e+03    3.4363385130e-07
6.9696549110e+03    3.4172718053e-07
6.9696842328e+03    3.3894126876e-07
6.9697135546e+03    3.3531575906e-07
6.9697428764e+03    3.3089804564e-07
6.9697721982e+03    3.2574259985e-07
6.9698015200e+03    3.1991035930e-07
6.9698308418e+03    3.1346808465e-07
6.9698601636e+03    3.0648758736e-07
6.9698894854e+03    2.9904475270e-07
6.9699188072e+03    2.9121832127e-07
6.9699481290e+03    2.8308844185e-07
6.9699774508e+03    2.7473505642e-07
6.9700067726e+03    2.6623621655e-07
6.9700360944e+03    2.5766644935e-07
6.9700654162e+03    2.4909528979e-07
6.9700947380e+03    2.4058607625e-07
6.9701240598e+03    2.3219507290e-07
6.9701533816e+03    2.2397094510e-07
6.9701827034e+03    2.1595457834e-07
6.9702120252e+03    2.0817920318e-07
6.9702413470e+03    2.0067077033e-07
6.9702706688e+03    1.9344851179e-07
6.9702999906e+03    1.8652562412e-07
6.9703293124e+03    1.7991001586e-07
6.9703586342e+03    1.7360507137e-07
6.9703879560e+03    1.6761039366e-07
6.9704172778e+03    1.6192250037e-07
6.9704465996e+03    1.5653545629e-07
6.9704759214e+03    1.5144143371e-07
6.9705052432e+03    1.4663119813e-07
6.9705345650e+03    1.4209452118e-07
6.9705638868e+03    1.3782052522e-07
6.9705932086e+03    1.3379796614e-07
6.9706225304e+03    1.3001546144e-07
6.9706518522e+03    1.2646167080e-07
6.9706811740e+03    1.2312543632e-07
6.9707104958e+03    1.1999588879e-07
6.9707398176e+03    1.1706252598e-07
6.9707691394e+03    1.1431526798e-07
6.9707984612e+03    1.1174449408e-07
6.9708277830e+03    1.0934106493e-07
6.9708571048e+03    1.0709633320e-07
6.9708864266e+03    1.0500214526e-07
6.9709157484e+03    1.0305083610e-07
6.9709450702e+03    1.0123521924e-07
6.9709743920e+03    9.9548573027e-08
6.9710037138e+03    9.7984624406e-08
6.9710330356e+03    9.6537531167e-08
6.9710623574e+03    9.5201863245e-08
6.9710916792e+03    9.3972583694e-08
6.9711210010e+03    9.2845029729e-08
6.9711503228e+03    9.1814894155e-08
6.9711796446e+03    9.0878207403e-08
6.9712089664e+03    9.0031320364e-08
6.9712382882e+03    8.9270888115e-08
6.9712676100e+03    8.8593854635e-08
6.9712969318e+03    8.7997438537e-08
6.9713262536e+03    8.7479119862e-08
6.9713555754e+03    8.7036627925e-08
6.9713848972e+03    8.6667930202e-08
6.9714142190e+03    8.6371222259e-08
6.9714435408e+03    8.6144918671e-08
6.9714728626e+03    8.5987644920e-08
6.9715021844e+03    8.5898230224e-08
6.9715315062e+03    8.5875701255e-08
6.9715608280e+03    8.5919276716e-08
6.9715901498e+03    8.6028362699e-08
6.9716194716e+03    8.6202548804e-08
6.9716487934e+03    8.6441604926e-08
6.9716781152e+03    8.6745478666e-08
6.9717074370e+03    8.7114293262e-08
6.9717367588e+03    8.7548345964e-08
6.9717660806e+03    8.8048106724e-08
6.9717954024e+03    8.8614217082e-08
6.9718247242e+03    8.9247489058e-08
6.9718540460e+03    8.9948903878e-08
6.9718833678e+03    9.0719610267e-08
6.9719126896e+03    9.1560922018e-08
6.9719420114e+03    9.2474314493e-08
6.9719713332e+03    9.3461419597e-08
6.9720006550e+03    9.4524018722e-08
6.9720299768e+03    9.5664033048e-08
6.9720592986e+03    9.6883510466e-08
6.9720886204e+03    9.8184608291e-08
6.9721179422e+03    9.9569570817e-08
6.9721472640e+03    1.0104070064e-07
6.9721765858e+03    1.0260032265e-07
6.9722059076e+03    1.0425073940e-07
6.9722352294e+03    1.0599417687e-07
6.9722645512e+03    1.0783271949e-07
6.9722938730e+03    1.0976823378e-07
6.9723231948e+03    1.1180228053e-07
6.9723525166e+03    1.1393601615e-07
6.9723818384e+03    1.1617008512e-07
6.9724111602e+03    1.1850450715e-07
6.9724404820e+03    1.2093856463e-07
6.9724698038e+03    1.2347069841e-07
6.9724991256e+03    1.2609842300e-07
6.9725284474e+03    1.2881827451e-07
6.9725577692e+03    1.3162580738e-07
6.9725870910e+03    1.3451565685e-07
6.9726164128e+03    1.3748168346e-07
6.9726457346e+03    1.4051721249e-07
6.9726750564e+03    1.4361537475e-07
6.9727043782e+03    1.4676954500e-07
6.9727337000e+03    1.4997386170e-07
6.9727630218e+03    1.5322379730e-07
6.9727923436e+03    1.5651673566e-07
6.9728216654e+03    1.5985250333e-07
6.9728509872e+03    1.6323379896e-07
6.9728803090e+03    1.6666647018e-07
6.9729096308e+03    1.7015960109e-07
6.9729389526e+03    1.7372539279e-07
6.9729682744e+03    1.7737884254e-07
6.9729975962e+03    1.8113724741e-07
6.9730269180e+03    1.8501957425e-07
6.9730562398e+03    1.8904574559e-07
6.9730855616e+03    1.9323589040e-07
6.9731148834e+03    1.9760960189e-07
6.9731442052e+03    2.0218523264e-07
6.9731735270e+03    2.0697924544e-07
6.9732028488e+03    2.1200562666e-07
6.9732321706e+03    2.1727536178e-07
6.9732614924e+03    2.2279596961e-07
6.9732908142e+03    2.2857109251e-07
6.9733201360e+03    2.3460014575e-07
6.9733494578e+03    2.4087803606e-07
6.9733787796e+03    2.4739496926e-07
6.9734081014e+03    2.5413637460e-07
6.9734374232e+03    2.6108298034e-07
6.9734667450e+03    2.6821107645e-07
6.9734960668e+03    2.7549299663e-07
6.9735253886e+03    2.8289784049e-07
6.9735547104e+03    2.9039243774e-07
6.9735840322e+03    2.9794253105e-07
6.9736133540e+03    3.0551412486e-07
6.9736426758e+03    3.1307491872e-07
6.9736719976e+03    3.2059572092e-07
6.9737013194e+03    3.2805172738e-07
6.9737306412e+03    3.3542355551e-07
6.9737599630e+03    3.4269794614e-07
6.9737892848e+03    3.4986808503e-07
6.9738186066e+03    3.5693354401e-07
6.9738479284e+03    3.6389989094e-07
6.9738772502e+03    3.7077805816e-07
6.9739065720e+03    3.7758358254e-07
6.9739358938e+03    3.8433583222e-07
6.9739652156e+03    3.9105731639e-07
6.9739945374e+03    3.9777313865e-07
6.9740238592e+03    4.0451061070e-07
6.9740531810e+03    4.1129899914e-07
6.9740825028e+03    4.1816934407e-07
6.9741118246e+03    4.2515426867e-07
6.9741411464e+03    4.3228769847e-07
6.9741704682e+03    4.3960442488e-07
6.9741997900e+03    4.4713947733e-07
6.9742291118e+03    4.5492730322e-07
6.9742584336e+03    4.6300078982e-07
6.9742877554e+03    4.7139018970e-07
6.9743170772e+03    4.8012202752e-07
6.9743463990e+03    4.8921807113e-07
6.9743757208e+03    4.9869444301e-07
6.9744050426e+03    5.0856093474e-07
6.9744343644e+03    5.1882056920e-07
6.9744636862e+03    5.2946943689e-07
6.9744930080e+03    5.4049681626e-07
6.9745223298e+03    5.5188557366e-07
6.9745516516e+03    5.6361282631e-07
6.9745809734e+03    5.7565083956e-07
6.9746102952e+03    5.8796811690e-07
6.9746396170e+03    6.0053062709e-07
6.9746689388e+03    6.1330309802e-07
6.9746982606e+03    6.2625029438e-07
6.9747275824e+03    6.3933818820e-07
6.9747569042e+03    6.5253493078e-07
6.9747862260e+03    6.6581154383e-07
6.9748155478e+03    6.7914226612e-07
6.9748448696e+03    6.9250451987e-07
6.9748741914e+03    7.0587849504e-07
6.9749035132e+03    7.1924638710e-07
6.9749328350e+03    7.3259136059e-07
6.9749621568e+03    7.4589634220e-07
6.9749914786e+03    7.5914276993e-07
6.9750208004e+03    7.7230943450e-07
6.9750501222e+03    7.8537154456e-07
6.9750794440e+03    7.9830012661e-07
6.9751087658e+03    8.1106183682e-07
6.9751380876e+03    8.2361921644e-07
6.9751674094e+03    8.3593137231e-07
6.9751967312e+03    8.4795501290e-07
6.9752260530e+03    8.5964572760e-07
6.9752553748e+03    8.7095936791e-07
6.9752846966e+03    8.8185338087e-07
6.9753140184e+03    8.9228795997e-07
6.9753433402e+03    9.0222691445e-07
6.9753726620e+03    9.1163821012e-07
6.9754019838e+03    9.2049419196e-07
6.9754313056e+03    9.2877155059e-07
6.9754606274e+03    9.3645113168e-07
6.9754899492e+03    9.4351770299e-07
6.9755192710e+03    9.4995978704e-07
6.9755485928e+03    9.5576964180e-07
6.9755779146e+03    9.6094343163e-07
6.9756072364e+03    9.6548158370e-07
6.9756365582e+03    9.6938927756e-07
6.9756658800e+03    9.7267697333e-07
6.9756952018e+03    9.7536085486e-07
6.9757245236e+03    9.7746305341e-07
6.9757538454e+03    9.7901153015e-07
6.9757831672e+03    9.8003953313e-07
6.9758124890e+03    9.8058460318e-07
6.9758418108e+03    9.8068717435e-07
6.9758711326e+03    9.8038888428e-07
6.9759004544e+03    9.7973076472e-07
6.9759297762e+03    9.7875150710e-07
6.9759590980e+03    9.7748598737e-07
6.9759884198e+03    9.7596418751e-07
6.9760177416e+03    9.7421057918e-07
6.9760470634e+03    9.7224395401e-07
6.9760763852e+03    9.7007761380e-07
6.9761057070e+03    9.6771978858e-07
6.9761350288e+03    9.6517413802e-07
6.9761643506e+03    9.6244021071e-07
6.9761936724e+03    9.5951377551e-07
6.9762229942e+03    9.5638698535e-07
6.9762523160e+03    9.5304837312e-07
6.9762816378e+03    9.4948270356e-07
6.9763109596e+03    9.4567071316e-07
6.9763402814e+03    9.4158876880e-07
6.9763696032e+03    9.3720847188e-07
6.9763989250e+03    9.3249623812e-07
6.9764282468e+03    9.2741289716e-07
6.9764575686e+03    9.2191338017e-07
6.9764868904e+03    9.1594659101e-07
6.9765162122e+03    9.0945557921e-07
6.9765455340e+03    9.0237813968e-07
6.9765748558e+03    8.9464794967e-07
6.9766041776e+03    8.8619631413e-07
6.9766334994e+03    8.7695452909e-07
6.9766628212e+03    8.6685679690e-07
6.9766921430e+03    8.5584354752e-07
6.9767214648e+03    8.4386495033e-07
6.9767507866e+03    8.3088435275e-07
6.9767801084e+03    8.1688136617e-07
6.9768094302e+03    8.0185433805e-07
6.9768387520e+03    7.8582200054e-07
6.9768680738e+03    7.6882415919e-07
6.9768973956e+03    7.5092136924e-07
6.9769267174e+03    7.3219362797e-07
6.9769560392e+03    7.1273818071e-07
6.9769853610e+03    6.9266659187e-07
6.9770146828e+03    6.7210126865e-07
6.9770440046e+03    6.5117164732e-07
6.9770733264e+03    6.3001025979e-07
6.9771026482e+03    6.0874889380e-07
6.9771319700e+03    5.8751504163e-07
6.9771612918e+03    5.6642880127e-07
6.9771906136e+03    5.4560035160e-07
6.9772199354e+03    5.2512807334e-07
6.9772492572e+03    5.0509733629e-07
6.9772785790e+03    4.8557992519e-07
6.9773079008e+03    4.6663403788e-07
6.9773372226e+03    4.4830476233e-07
6.9773665444e+03    4.3062492480e-07
6.9773958662e+03    4.1361619910e-07
6.9774251880e+03    3.9729037405e-07
6.9774545098e+03    3.8165068979e-07
6.9774838316e+03    3.6669317062e-07
6.9775131534e+03    3.5240790003e-07
6.9775424752e+03    3.3878020052e-07
6.9775717970e+03    3.2579169544e-07
6.9776011188e+03    3.1342124220e-07
6.9776304406e+03    3.0164573511e-07
6.9776597624e+03    2.9044078291e-07
6.9776890842e+03    2.7978126983e-07
6.9777184060e+03    2.6964181188e-07
6.9777477278e+03    2.5999712082e-07
6.9777770496e+03    2.5082228846e-07
6.9778063714e+03    2.4209300332e-07
6.9778356932e+03    2.3378571085e-07
6.9778650150e+03    2.2587772697e-07
6.9778943368e+03    2.1834731387e-07
6.9779236586e+03    2.1117372530e-07
6.9779529804e+03    2.0433722789e-07
6.9779823022e+03    1.9781910373e-07
6.9780116240e+03    1.9160163857e-07
6.9780409458e+03    1.8566809934e-07
6.9780702676e+03    1.8000270382e-07
6.9780995894e+03    1.7459058476e-07
6.9781289112e+03    1.6941775049e-07
6.9781582330e+03    1.6447104325e-07
6.9781875548e+03    1.5973809659e-07
6.9782168766e+03    1.5520729253e-07
6.9782461984e+03    1.5086771931e-07
6.9782755202e+03    1.4670913002e-07
6.9783048420e+03    1.4272190272e-07
6.9783341638e+03    1.3889700197e-07
6.9783634856e+03    1.3522594225e-07
6.9783928074e+03    1.3170075310e-07
6.9784221292e+03    1.2831394617e-07
6.9784514510e+03    1.2505848415e-07
6.9784807728e+03    1.2192775153e-07
6.9785100946e+03    1.1891552710e-07
6.9785394164e+03    1.1601595829e-07
6.9785687382e+03    1.1322353708e-07
6.9785980600e+03    1.1053307748e-07
6.9786273818e+03    1.0793969459e-07
6.9786567036e+03    1.0543878496e-07
6.9786860254e+03    1.0302600839e-07
6.9787153472e+03    1.0069727086e-07
6.9787446690e+03    9.8448708725e-08
6.9787739908e+03    9.6276673942e-08
6.9788033126e+03    9.4177720318e-08
6.9788326344e+03    9.2148590726e-08
6.9788619562e+03    9.0186205183e-08
6.9788912780e+03    8.8287649755e-08
6.9789205998e+03    8.6450166226e-08
6.9789499216e+03    8.4671142462e-08
6.9789792434e+03    8.2948103453e-08
6.9790085652e+03    8.1278702941e-08
6.9790378870e+03    7.9660715634e-08
6.9790672088e+03    7.8092029935e-08
6.9790965306e+03    7.6570641159e-08
6.9791258524e+03    7.5094645209e-08
6.9791551742e+03    7.3662232664e-08
6.9791844960e+03    7.2271683263e-08
6.9792138178e+03    7.0921360748e-08
6.9792431396e+03    6.9609708045e-08
6.9792724614e+03    6.8335242757e-08
6.9793017832e+03    6.7096552946e-08
6.9793311050e+03    6.5892293188e-08
6.9793604268e+03    6.4721180875e-08
6.9793897486e+03    6.3581992751e-08
6.9794190704e+03    6.2473561672e-08
6.9794483922e+03    6.1394773555e-08
6.9794777140e+03    6.0344564530e-08
6.9795070358e+03    5.9321918253e-08
6.9795363576e+03    5.8325863397e-08
6.9795656794e+03    5.7355471281e-08
6.9795950012e+03    5.6409853652e-08
6.9796243230e+03    5.5488160595e-08
6.9796536448e+03    5.4589578566e-08
6.9796829666e+03    5.3713328545e-08
6.9797122884e+03    5.2858664288e-08
6.9797416102e+03    5.2024870694e-08
6.9797709320e+03    5.1211262251e-08
6.9798002538e+03    5.0417181582e-08
6.9798295756e+03    4.9641998069e-08
6.9798588974e+03    4.8885106554e-08
6.9798882192e+03    4.8145926113e-08
6.9799175410e+03    4.7423898899e-08
6.9799468628e+03    4.6718489049e-08
6.9799761846e+03    4.6029181650e-08
6.9800055064e+03    4.5355481759e-08
6.9800348282e+03    4.4696913480e-08
6.9800641500e+03    4.4053019089e-08
6.9800934718e+03    4.3423358201e-08
6.9801227936e+03    4.2807506990e-08
6.9801521154e+03    4.2205057440e-08
6.9801814372e+03    4.1615616643e-08
6.9802107590e+03    4.1038806127e-08
6.9802400808e+03    4.0474261225e-08
6.9802694026e+03    3.9921630466e-08
6.9802987244e+03    3.9380575013e-08
6.9803280462e+03    3.8850768109e-08
6.9803573680e+03    3.8331894568e-08
6.9803866898e+03    3.7823650282e-08
6.9804160116e+03    3.7325741755e-08
6.9804453334e+03    3.6837885658e-08
6.9804746552e+03    3.6359808408e-08
6.9805039770e+03    3.5891245766e-08
6.9805332988e+03    3.5431942457e-08
6.9805626206e+03    3.4981651798e-08
6.9805919424e+03    3.4540135359e-08
6.9806212642e+03    3.4107162630e-08
6.9806505860e+03    3.3682510701e-08
6.9806799078e+03    3.3265963966e-08
6.9807092296e+03    3.2857313835e-08
6.9807385514e+03    3.2456358460e-08
6.9807678732e+03    3.2062902471e-08
6.9807971950e+03    3.1676756730e-08
6.9808265168e+03    3.1297738090e-08
6.9808558386e+03    3.0925669168e-08
6.9808851604e+03    3.0560378128e-08
6.9809144822e+03    3.0201698469e-08
6.9809438040e+03    2.9849468834e-08
6.9809731258e+03    2.9503532809e-08
6.9810024476e+03    2.9163738748e-08
6.9810317694e+03    2.8829939597e-08
6.9810610912e+03    2.8501992727e-08
6.9810904130e+03    2.8179759772e-08
6.9811197348e+03    2.7863106478e-08
6.9811490566e+03    2.7551902555e-08
6.9811783784e+03    2.7246021539e-08
6.9812077002e+03    2.6945340652e-08
6.9812370220e+03    2.6649740677e-08
6.9812663438e+03    2.6359105834e-08
6.9812956656e+03    2.6073323658e-08
6.9813249874e+03    2.5792284886e-08
6.9813543092e+03    2.5515883348e-08
6.9813836310e+03    2.5244015863e-08
6.9814129528e+03    2.4976582134e-08
6.9814422746e+03    2.4713484656e-08
6.9814715964e+03    2.4454628618e-08
6.9815009182e+03    2.4199921816e-08
6.9815302400e+03    2.3949274566e-08
6.9815595618e+03    2.3702599622e-08
6.9815888836e+03    2.3459812096e-08
6.9816182054e+03    2.3220829379e-08
6.9816475272e+03    2.2985571071e-08
6.9816768490e+03    2.2753958909e-08
6.9817061708e+03    2.2525916696e-08
6.9817354926e+03    2.2301370240e-08
6.9817648144e+03    2.2080247286e-08
6.9817941362e+03    2.1862477458e-08
6.9818234580e+03    2.1647992198e-08
6.9818527798e+03    2.1436724713e-08
6.9818821016e+03    2.1228609917e-08
6.9819114234e+03    2.1023584379e-08
6.9819407452e+03    2.0821586274e-08
6.9819700670e+03    2.0622555333e-08
6.9819993888e+03    2.0426432795e-08
6.9820287106e+03    2.0233161365e-08
6.9820580324e+03    2.0042685165e-08
6.9820873542e+03    1.9854949695e-08
6.9821166760e+03    1.9669901792e-08
6.9821459978e+03    1.9487489589e-08
6.9821753196e+03    1.9307662480e-08
6.9822046414e+03    1.9130371079e-08
6.9822339632e+03    1.8955567187e-08
6.9822632850e+03    1.8783203759e-08
6.9822926068e+03    1.8613234867e-08
6.9823219286e+03    1.8445615671e-08
6.9823512504e+03    1.8280302387e-08
6.9823805722e+03    1.8117252258e-08
6.9824098940e+03    1.7956423523e-08
6.9824392158e+03    1.7797775391e-08
6.9824685376e+03    1.7641268012e-08
6.9824978594e+03    1.7486862454e-08
6.9825271812e+03    1.7334520674e-08
6.9825565030e+03    1.7184205496e-08
6.9825858248e+03    1.7035880585e-08
6.9826151466e+03    1.6889510427e-08
6.9826444684e+03    1.6745060303e-08
6.9826737902e+03    1.6602496273e-08
6.9827031120e+03    1.6461785149e-08
6.9827324338e+03    1.6322894478e-08
6.9827617556e+03    1.6185792521e-08
6.9827910774e+03    1.6050448238e-08
6.9828203992e+03    1.5916831263e-08
6.9828497210e+03    1.5784911893e-08
6.9828790428e+03    1.5654661066e-08
6.9829083646e+03    1.5526050345e-08
6.9829376864e+03    1.5399051903e-08
6.9829670082e+03    1.5273638508e-08
6.9829963300e+03    1.5149783506e-08
6.9830256518e+03    1.5027460806e-08
6.9830549736e+03    1.4906644867e-08
6.9830842954e+03    1.4787310684e-08
6.9831136172e+03    1.4669433774e-08
6.9831429390e+03    1.4552990161e-08
6.9831722608e+03    1.4437956366e-08
6.9832015826e+03    1.4324309396e-08
6.9832309044e+03    1.4212026727e-08
6.9832602262e+03    1.4101086295e-08
6.9832895480e+03    1.3991466488e-08
6.9833188698e+03    1.3883146127e-08
6.9833481916e+03    1.3776104465e-08
6.9833775134e+03    1.3670321167e-08
6.9834068352e+03    1.3565776309e-08
6.9834361570e+03    1.3462450361e-08
6.9834654788e+03    1.3360324181e-08
6.9834948006e+03    1.3259379006e-08
6.9835241224e+03    1.3159596441e-08
6.9835534442e+03    1.3060958452e-08
6.9835827660e+03    1.2963447356e-08
6.9836120878e+03    1.2867045814e-08
6.9836414096e+03    1.2771736824e-08
6.9836707314e+03    1.2677503709e-08
6.9837000532e+03    1.2584330114e-08
6.9837293750e+03    1.2492199997e-08
6.9837586968e+03    1.2401097620e-08
6.9837880186e+03    1.2311007544e-08
6.9838173404e+03    1.2221914623e-08
6.9838466622e+03    1.2133803994e-08
6.9838759840e+03    1.2046661073e-08
6.9839053058e+03    1.1960471551e-08
6.9839346276e+03    1.1875221382e-08
6.9839639494e+03    1.1790896780e-08
6.9839932712e+03    1.1707484217e-08
6.9840225930e+03    1.1624970410e-08
6.9840519148e+03    1.1543342320e-08
6.9840812366e+03    1.1462587148e-08
6.9841105584e+03    1.1382692326e-08
6.9841398802e+03    1.1303645513e-08
6.9841692020e+03    1.1225434592e-08
6.9841985238e+03    1.1148047663e-08
6.9842278456e+03    1.1071473039e-08
6.9842571674e+03    1.0995699242e-08
6.9842864892e+03    1.0920714996e-08
6.9843158110e+03    1.0846509229e-08
6.9843451328e+03    1.0773071059e-08
6.9843744546e+03    1.0700389799e-08
6.9844037764e+03    1.0628454948e-08
6.9844330982e+03    1.0557256188e-08
6.9844624200e+03    1.0486783380e-08
6.9844917418e+03    1.0417026562e-08
6.9845210636e+03    1.0347975941e-08
6.9845503854e+03    1.0279621897e-08
6.9845797072e+03    1.0211954971e-08
6.9846090290e+03    1.0144965867e-08
6.9846383508e+03    1.0078645446e-08
6.9846676726e+03    1.0012984727e-08
6.9846969944e+03    9.9479748758e-09
6.9847263162e+03    9.8836072115e-09
6.9847556380e+03    9.8198731966e-09
6.9847849598e+03    9.7567644366e-09
6.9848142816e+03    9.6942726769e-09
6.9848436034e+03    9.6323898000e-09
6.9848729252e+03    9.5711078227e-09
6.9849022470e+03    9.5104188934e-09
6.9849315688e+03    9.4503152893e-09
6.9849608906e+03    9.3907894144e-09
6.9849902124e+03    9.3318337964e-09
6.9850195342e+03    9.2734410846e-09
6.9850488560e+03    9.2156040475e-09
6.9850781778e+03    9.1583155702e-09
6.9851074996e+03    9.1015686525e-09
6.9851368214e+03    9.0453564066e-09
6.9851661432e+03    8.9896720547e-09
6.9851954650e+03    8.9345089271e-09
6.9852247868e+03    8.8798604599e-09
6.9852541086e+03    8.8257201934e-09
6.9852834304e+03    8.7720817697e-09
6.9853127522e+03    8.7189389308e-09
6.9853420740e+03    8.6662855170e-09
6.9853713958e+03    8.6141154647e-09
6.9854007176e+03    8.5624228049e-09
6.9854300394e+03    8.5112016611e-09
6.9854593612e+03    8.4604462479e-09
6.9854886830e+03    8.4101508692e-09
6.9855180048e+03    8.3603099161e-09
6.9855473266e+03    8.3109178662e-09
6.9855766484e+03    8.2619692812e-09
6.9856059702e+03    8.2134588055e-09
6.9856352920e+03    8.1653811650e-09
6.9856646138e+03    8.1177311655e-09
6.9856939356e+03    8.0705036909e-09
6.9857232574e+03    8.0236937023e-09
6.9857525792e+03    7.9772962362e-09
6.9857819010e+03    7.9313064033e-09
6.9858112228e+03    7.8857193872e-09
6.9858405446e+03    7.8405304430e-09
6.9858698664e+03    7.7957348961e-09
6.9858991882e+03    7.7513281408e-09
6.9859285100e+03    7.7073056394e-09
6.9859578318e+03    7.6636629205e-09
6.9859871536e+03    7.6203955784e-09
6.9860164754e+03    7.5774992713e-09
6.9860457972e+03    7.5349697209e-09
6.9860751190e+03    7.4928027107e-09
6.9861044408e+03    7.4509940852e-09
6.9861337626e+03    7.4095397487e-09
6.9861630844e+03    7.3684356644e-09
6.9861924062e+03    7.3276778533e-09
6.9862217280e+03    7.2872623932e-09
6.9862510498e+03    7.2471854178e-09
6.9862803716e+03    7.2074431157e-09
6.9863096934e+03    7.1680317293e-09
6.9863390152e+03    7.1289475543e-09
6.9863683370e+03    7.0901869381e-09
6.9863976588e+03    7.0517462799e-09
6.9864269806e+03    7.0136220287e-09
6.9864563024e+03    6.9758106834e-09
6.9864856242e+03    6.9383087916e-09
6.9865149460e+03    6.9011129485e-09
6.9865442678e+03    6.8642197967e-09
6.9865735896e+03    6.8276260249e-09
6.9866029114e+03    6.7913283674e-09
6.9866322332e+03    6.7553236033e-09
6.9866615550e+03    6.7196085556e-09
6.9866908768e+03    6.6841800908e-09
6.9867201986e+03    6.6490351178e-09
6.9867495204e+03    6.6141705876e-09
6.9867788422e+03    6.5795834923e-09
6.9868081640e+03    6.5452708645e-09
6.9868374858e+03    6.5112297769e-09
6.9868668076e+03    6.4774573411e-09
6.9868961294e+03    6.4439507076e-09
6.9869254512e+03    6.4107070648e-09
6.9869547730e+03    6.3777236385e-09
6.9869840948e+03    6.3449976913e-09
6.9870134166e+03    6.3125265217e-09
6.9870427384e+03    6.2803074643e-09
6.9870720602e+03    6.2483378884e-09
6.9871013820e+03    6.2166151980e-09
6.9871307038e+03    6.1851368308e-09
6.9871600256e+03    6.1539002581e-09
6.9871893474e+03    6.1229029842e-09
6.9872186692e+03    6.0921425455e-09
6.9872479910e+03    6.0616165104e-09
6.9872773128e+03    6.0313224787e-09
6.9873066346e+03    6.0012580811e-09
6.9873359564e+03    5.9714209786e-09
6.9873652782e+03    5.9418088623e-09
6.9873946000e+03    5.9124194525e-09
6.9874239218e+03    5.8832504990e-09
6.9874532436e+03    5.8542997796e-09
6.9874825654e+03    5.8255651007e-09
6.9875118872e+03    5.7970442961e-09
6.9875412090e+03    5.7687352271e-09
6.9875705308e+03    5.7406357818e-09
6.9875998526e+03    5.7127438748e-09
6.9876291744e+03    5.6850574466e-09
6.9876584962e+03    5.6575744637e-09
6.9876878180e+03    5.6302929176e-09
6.9877171398e+03    5.6032108248e-09
6.9877464616e+03    5.5763262264e-09
6.9877757834e+03    5.5496371877e-09
6.9878051052e+03    5.5231417976e-09
6.9878344270e+03    5.4968381688e-09
6.9878637488e+03    5.4707244367e-09
6.9878930706e+03    5.4447987599e-09
6.9879223924e+03    5.4190593192e-09
6.9879517142e+03    5.3935043175e-09
6.9879810360e+03    5.3681319796e-09
6.9880103578e+03    5.3429405517e-09
6.9880396796e+03    5.3179283011e-09
6.9880690014e+03    5.2930935161e-09
6.9880983232e+03    5.2684345054e-09
6.9881276450e+03    5.2439495981e-09
6.9881569668e+03    5.2196371432e-09
6.9881862886e+03    5.1954955091e-09
6.9882156104e+03    5.1715230841e-09
6.9882449322e+03    5.1477182752e-09
6.9882742540e+03    5.1240795085e-09
6.9883035758e+03    5.1006052284e-09
6.9883328976e+03    5.0772938978e-09
6.9883622194e+03    5.0541439977e-09
6.9883915412e+03    5.0311540267e-09
6.9884208630e+03    5.0083225011e-09
6.9884501848e+03    4.9856479544e-09
6.9884795066e+03    4.9631289371e-09
6.9885088284e+03    4.9407640167e-09
6.9885381502e+03    4.9185517772e-09
6.9885674720e+03    4.8964908188e-09
6.9885967938e+03    4.8745797580e-09
6.9886261156e+03    4.8528172272e-09
6.9886554374e+03    4.8312018743e-09
6.9886847592e+03    4.8097323629e-09
6.9887140810e+03    4.7884073716e-09
6.9887434028e+03    4.7672255941e-09
6.9887727246e+03    4.7461857392e-09
6.9888020464e+03    4.7252865299e-09
6.9888313682e+03    4.7045267040e-09
6.9888606900e+03    4.6839050133e-09
6.9888900118e+03    4.6634202237e-09
6.9889193336e+03    4.6430711150e-09
6.9889486554e+03    4.6228564806e-09
6.9889779772e+03    4.6027751275e-09
6.9890072990e+03    4.5828258758e-09
6.9890366208e+03    4.5630075588e-09
6.9890659426e+03    4.5433190229e-09
6.9890952644e+03    4.5237591269e-09
6.9891245862e+03    4.5043267427e-09
6.9891539080e+03    4.4850207542e-09
6.9891832298e+03    4.4658400578e-09
6.9892125516e+03    4.4467835619e-09
6.9892418734e+03    4.4278501869e-09
6.9892711952e+03    4.4090388649e-09
6.9893005170e+03    4.3903485399e-09
6.9893298388e+03    4.3717781669e-09
6.9893591606e+03    4.3533267127e-09
6.9893884824e+03    4.3349931551e-09
6.9894178042e+03    4.3167764829e-09
6.9894471260e+03    4.2986756957e-09
6.9894764478e+03    4.2806898041e-09
6.9895057696e+03    4.2628178292e-09
6.9895350914e+03    4.2450588025e-09
6.9895644132e+03    4.2274117660e-09
6.9895937350e+03    4.2098757717e-09
6.9896230568e+03    4.1924498817e-09
6.9896523786e+03    4.1751331684e-09
6.9896817004e+03    4.1579247135e-09
6.9897110222e+03    4.1408236089e-09
6.9897403440e+03    4.1238289555e-09
6.9897696658e+03    4.1069398643e-09
6.9897989876e+03    4.0901554551e-09
6.9898283094e+03    4.0734748571e-09
6.9898576312e+03    4.0568972087e-09
6.9898869530e+03    4.0404216572e-09
6.9899162748e+03    4.0240473588e-09
6.9899455966e+03    4.0077734783e-09
6.9899749184e+03    3.9915991893e-09
6.9900042402e+03    3.9755236739e-09
6.9900335620e+03    3.9595461228e-09
6.9900628838e+03    3.9436657348e-09
6.9900922056e+03    3.9278817169e-09
6.9901215274e+03    3.9121932844e-09
6.9901508492e+03    3.8965996606e-09
6.9901801710e+03    3.8811000767e-09
6.9902094928e+03    3.8656937716e-09
6.9902388146e+03    3.8503799921e-09
6.9902681364e+03    3.8351579927e-09
6.9902974582e+03    3.8200270351e-09
6.9903267800e+03    3.8049863889e-09
6.9903561018e+03    3.7900353307e-09
6.9903854236e+03    3.7751731446e-09
6.9904147454e+03    3.7603991218e-09
6.9904440672e+03    3.7457125605e-09
6.9904733890e+03    3.7311127662e-09
6.9905027108e+03    3.7165990510e-09
6.9905320326e+03    3.7021707340e-09
6.9905613544e+03    3.6878271410e-09
6.9905906762e+03    3.6735676047e-09
6.9906199980e+03    3.6593914642e-09
6.9906493198e+03    3.6452980650e-09
6.9906786416e+03    3.6312867594e-09
6.9907079634e+03    3.6173569058e-09
6.9907372852e+03    3.6035078689e-09
6.9907666070e+03    3.5897390198e-09
6.9907959288e+03    3.5760497356e-09
6.9908252506e+03    3.5624393995e-09
6.9908545724e+03    3.5489074008e-09
6.9908838942e+03    3.5354531345e-09
6.9909132160e+03    3.5220760018e-09
6.9909425378e+03    3.5087754093e-09
6.9909718596e+03    3.4955507697e-09
6.9910011814e+03    3.4824015011e-09
6.9910305032e+03    3.4693270274e-09
6.9910598250e+03    3.4563267778e-09
6.9910891468e+03    3.4434001872e-09
6.9911184686e+03    3.4305466957e-09
6.9911477904e+03    3.4177657490e-09
6.9911771122e+03    3.4050567977e-09
6.9912064340e+03    3.3924192979e-09
6.9912357558e+03    3.3798527109e-09
6.9912650776e+03    3.3673565029e-09
6.9912943994e+03    3.3549301453e-09
6.9913237212e+03    3.3425731144e-09
6.9913530430e+03    3.3302848914e-09
6.9913823648e+03    3.3180649625e-09
6.9914116866e+03    3.3059128186e-09
6.9914410084e+03    3.2938279555e-09
6.9914703302e+03    3.2818098735e-09
6.9914996520e+03    3.2698580777e-09
6.9915289738e+03    3.2579720779e-09
6.9915582956e+03    3.2461513882e-09
6.9915876174e+03    3.2343955273e-09
6.9916169392e+03    3.2227040185e-09
6.9916462610e+03    3.2110763894e-09
6.9916755828e+03    3.1995121719e-09
6.9917049046e+03    3.1880109022e-09
6.9917342264e+03    3.1765721209e-09
6.9917635482e+03    3.1651953726e-09
6.9917928700e+03    3.1538802063e-09
6.9918221918e+03    3.1426261750e-09
6.9918515136e+03    3.1314328356e-09
6.9918808354e+03    3.1202997494e-09
6.9919101572e+03    3.1092264814e-09
6.9919394790e+03    3.0982126007e-09
6.9919688008e+03    3.0872576801e-09
6.9919981226e+03    3.0763612964e-09
6.9920274444e+03    3.0655230303e-09
6.9920567662e+03    3.0547424660e-09
6.9920860880e+03    3.0440191918e-09
6.9921154098e+03    3.0333527993e-09
6.9921447316e+03    3.0227428840e-09
6.9921740534e+03    3.0121890450e-09
6.9922033752e+03    3.0016908849e-09
6.9922326970e+03    2.9912480098e-09
6.9922620188e+03    2.9808600294e-09
6.9922913406e+03    2.9705265568e-09
6.9923206624e+03    2.9602472086e-09
6.9923499842e+03    2.9500216046e-09
6.9923793060e+03    2.9398493682e-09
6.9924086278e+03    2.9297301258e-09
6.9924379496e+03    2.9196635075e-09
6.9924672714e+03    2.9096491462e-09
6.9924965932e+03    2.8996866783e-09
6.9925259150e+03    2.8897757434e-09
6.9925552368e+03    2.8799159840e-09
6.9925845586e+03    2.8701070459e-09
6.9926138804e+03    2.8603485779e-09
6.9926432022e+03    2.8506402320e-09
6.9926725240e+03    2.8409816629e-09
6.9927018458e+03    2.8313725286e-09
6.9927311676e+03    2.8218124898e-09
6.9927604894e+03    2.8123012104e-09
6.9927898112e+03    2.8028383570e-09
6.9928191330e+03    2.7934235990e-09
6.9928484548e+03    2.7840566088e-09
6.9928777766e+03    2.7747370615e-09
6.9929070984e+03    2.7654646349e-09
6.9929364202e+03    2.7562390099e-09
6.9929657420e+03    2.7470598696e-09
6.9929950638e+03    2.7379269002e-09
6.9930243856e+03    2.7288397903e-09
6.9930537074e+03    2.7197982314e-09
6.9930830292e+03    2.7108019173e-09
6.9931123510e+03    2.7018505446e-09
6.9931416728e+03    2.6929438123e-09
6.9931709946e+03    2.6840814222e-09
6.9932003164e+03    2.6752630782e-09
6.9932296382e+03    2.6664884871e-09
6.9932589600e+03    2.6577573578e-09
6.9932882818e+03    2.6490694018e-09
6.9933176036e+03    2.6404243330e-09
6.9933469254e+03    2.6318218677e-09
6.9933762472e+03    2.6232617244e-09
6.9934055690e+03    2.6147436242e-09
6.9934348908e+03    2.5899134540e-09
6.9934642126e+03    2.5815168475e-09
6.9934935344e+03    2.5731613267e-09
6.9935228562e+03    2.5648466222e-09
6.9935521780e+03    2.5565724670e-09
6.9935814998e+03    2.5483385962e-09
6.9936108216e+03    2.5401447469e-09
6.9936401434e+03    2.5319906586e-09
6.9936694652e+03    2.5238760729e-09
6.9936987870e+03    2.5158007333e-09
6.9937281088e+03    2.5077643856e-09
6.9937574306e+03    2.4997667776e-09
6.9937867524e+03    2.4918076590e-09
6.9938160742e+03    2.4838867818e-09
6.9938453960e+03    2.4760038999e-09
6.9938747178e+03    2.4681587691e-09
6.9939040396e+03    2.4603511471e-09
6.9939333614e+03    2.4525807939e-09
6.9939626832e+03    2.4448474710e-09
6.9939920050e+03    2.4371509422e-09
6.9940213268e+03    2.4294909728e-09
6.9940506486e+03    2.4218673304e-09
6.9940799704e+03    2.4142797841e-09
6.9941092922e+03    2.4067281050e-09
6.9941386140e+03    2.3992120660e-09
6.9941679358e+03    2.3917314419e-09
6.9941972576e+03    2.3842860090e-09
6.9942265794e+03    2.3768755457e-09
6.9942559012e+03    2.3694998320e-09
6.9942852230e+03    2.3621586496e-09
6.9943145448e+03    2.3548517820e-09
6.9943438666e+03    2.3475790143e-09
6.9943731884e+03    2.2915024155e-09
6.9944025102e+03    2.2844114911e-09
6.9944318320e+03    2.2773536315e-09
6.9944611538e+03    2.2703286307e-09
6.9944904756e+03    2.1990729257e-09
6.9945197974e+03    2.1922633620e-09
6.9945491192e+03    2.1854855209e-09
6.9945784410e+03    2.1787392048e-09
6.9946077628e+03    2.1720242178e-09
6.9946370846e+03    2.1653403656e-09
6.9946664064e+03    2.1131691159e-09
6.9946957282e+03    2.1066534714e-09
6.9947250500e+03    2.1001680141e-09
6.9947543718e+03    2.0937125571e-09
6.9947836936e+03    2.0872869151e-09
6.9948130154e+03    2.0808909044e-09
6.9948423372e+03    2.0745243425e-09
6.9948716590e+03    2.0129380753e-09
6.9949009808e+03    2.0067590119e-09
6.9949303026e+03    2.0006084062e-09
6.9949596244e+03    1.9944860834e-09
6.9949889462e+03    1.9883918702e-09
6.9950182680e+03    1.9823255944e-09
6.9950475898e+03    1.9762870852e-09
6.9950769116e+03    1.9702761732e-09
6.9951062334e+03    1.9642926901e-09
6.9951355552e+03    1.9583364691e-09
6.9951648770e+03    1.9524073445e-09
6.9951941988e+03    1.9465051520e-09
6.9952235206e+03    1.9406297284e-09
6.9952528424e+03    1.9347809118e-09
6.9952821642e+03    1.9289585415e-09
6.9953114860e+03    1.9231624582e-09
6.9953408078e+03    1.9173925034e-09
6.9953701296e+03    1.9116485203e-09
6.9953994514e+03    1.9059303528e-09
6.9954287732e+03    1.9002378462e-09
6.9954580950e+03    1.8945708471e-09
6.9954874168e+03    1.8889292029e-09
6.9955167386e+03    1.8833127625e-09
6.9955460604e+03    1.8777213757e-09
6.9955753822e+03    1.8721548934e-09
6.9956047040e+03    1.8666131677e-09
6.9956340258e+03    1.8610960519e-09
6.9956633476e+03    1.8556034001e-09
6.9956926694e+03    1.8501350678e-09
6.9957219912e+03    1.8446909113e-09
6.9957513130e+03    1.8392707882e-09
6.9957806348e+03    1.8338745569e-09
6.9958099566e+03    1.8285020771e-09
6.9958392784e+03    1.8231532093e-09
6.9958686002e+03    1.8178278152e-09
6.9958979220e+03    1.8125257573e-09
6.9959272438e+03    1.8072468994e-09
6.9959565656e+03    1.8019911060e-09
6.9959858874e+03    1.7967582429e-09
6.9960152092e+03    1.7915481765e-09
6.9960445310e+03    1.7863607745e-09
6.9960738528e+03    1.7811959054e-09
6.9961031746e+03    1.7760534387e-09
6.9961324964e+03    1.7709332449e-09
6.9961618182e+03    1.7658351952e-09
6.9961911400e+03    1.7607591621e-09
6.9962204618e+03    1.7557050186e-09
6.9962497836e+03    1.7506726390e-09
6.9962791054e+03    1.7456618983e-09
6.9963084272e+03    1.7406726724e-09
6.9963377490e+03    1.7357048382e-09
6.9963670708e+03    1.7307582733e-09
6.9963963926e+03    1.7258328563e-09
6.9964257144e+03    1.7209284667e-09
6.9964550362e+03    1.7160449847e-09
6.9964843580e+03    1.7111822916e-09
6.9965136798e+03    1.7063402693e-09
6.9965430016e+03    1.7015188007e-09
6.9965723234e+03    1.6967177694e-09
6.9966016452e+03    1.6919370599e-09
6.9966309670e+03    1.6871765575e-09
6.9966602888e+03    1.6824361484e-09
6.9966896106e+03    1.6777157194e-09
6.9967189324e+03    1.6730151583e-09
6.9967482542e+03    1.6683343536e-09
6.9967775760e+03    1.6636731945e-09
6.9968068978e+03    1.6590315711e-09
6.9968362196e+03    1.6544093743e-09
6.9968655414e+03    1.6498064956e-09
6.9968948632e+03    1.6452228274e-09
6.9969241850e+03    1.6406582627e-09
6.9969535068e+03    1.6361126955e-09
6.9969828286e+03    1.6315860203e-09
6.9970121504e+03    1.6270781323e-09
6.9970414722e+03    1.6225889277e-09
6.9970707940e+03    1.6181183032e-09
6.9971001158e+03    1.6136661563e-09
6.9971294376e+03    1.6092323851e-09
6.9971587594e+03    1.6048168884e-09
6.9971880812e+03    1.6004195660e-09
6.9972174030e+03    1.5960403180e-09
6.9972467248e+03    1.5916790454e-09
6.9972760466e+03    1.5873356498e-09
6.9973053684e+03    1.5830100334e-09
6.9973346902e+03    1.5787020994e-09
6.9973640120e+03    1.5744117512e-09
6.9973933338e+03    1.5701388932e-09
6.9974226556e+03    1.5658834303e-09
6.9974519774e+03    1.5616452681e-09
6.9974812992e+03    1.5574243128e-09
6.9975106210e+03    1.5532204713e-09
6.9975399428e+03    1.5490336510e-09
6.9975692646e+03    1.5448637600e-09
6.9975985864e+03    1.5407107072e-09
6.9976279082e+03    1.5365744018e-09
6.9976572300e+03    1.5324547537e-09
6.9976865518e+03    1.5283516736e-09
6.9977158736e+03    1.5242650727e-09
6.9977451954e+03    1.5201948625e-09
6.9977745172e+03    1.5161409556e-09
6.9978038390e+03    1.5121032649e-09
6.9978331608e+03    1.5080817038e-09
6.9978624826e+03    1.4879332366e-09
6.9978918044e+03    1.4839814436e-09
6.9979211262e+03    1.4800453918e-09
6.9979504480e+03    1.4761249978e-09
6.9979797698e+03    1.4722201785e-09
6.9980090916e+03    1.4683308513e-09
6.9980384134e+03    1.4644569344e-09
6.9980677352e+03    1.4605983463e-09
6.9980970570e+03    1.4567550062e-09
6.9981263788e+03    1.4529268338e-09
6.9981557006e+03    1.4491137493e-09
6.9981850224e+03    1.4453156733e-09
6.9982143442e+03    1.4415325272e-09
6.9982436660e+03    1.4377642327e-09
6.9982729878e+03    1.4340107120e-09
6.9983023096e+03    1.4302718881e-09
6.9983316314e+03    1.4265476840e-09
6.9983609532e+03    1.4228380238e-09
6.9983902750e+03    1.4191428315e-09
6.9984195968e+03    1.4154620321e-09
6.9984489186e+03    1.4117955507e-09
6.9984782404e+03    1.4081433131e-09
6.9985075622e+03    1.4045052456e-09
6.9985368840e+03    1.4008812749e-09
6.9985662058e+03    1.3972713281e-09
6.9985955276e+03    1.3936753330e-09
6.9986248494e+03    1.3834962941e-09
6.9986541712e+03    1.3799434156e-09
6.9986834930e+03    1.3764042204e-09
6.9987128148e+03    1.3728786382e-09
6.9987421366e+03    1.3351764051e-09
6.9987714584e+03    1.3282543230e-09
6.9988007802e+03    1.3248570259e-09
6.9988301020e+03    1.3129618575e-09
6.9988594238e+03    1.3096104477e-09
6.9988887456e+03    1.3062718645e-09
6.9989180674e+03    1.3029460425e-09
6.9989473892e+03    1.2896795800e-09
6.9989767110e+03    1.2864023661e-09
6.9990060328e+03    1.2831376382e-09
6.9990353546e+03    1.2798853327e-09
6.9990646764e+03    1.2716087947e-09
6.9990939982e+03    1.2606229803e-09
6.9991233200e+03    1.2400138667e-09
6.9991526418e+03    1.2368811850e-09
6.9991819636e+03    1.2337603677e-09
6.9992112854e+03    1.2269825066e-09
6.9992406072e+03    1.2166916792e-09
6.9992699290e+03    1.2136314982e-09
6.9992992508e+03    1.2105828553e-09
6.9993285726e+03    1.2075456927e-09
6.9993578944e+03    1.2045199527e-09
6.9993872162e+03    1.2015055781e-09
6.9994165380e+03    1.1985025119e-09
6.9994458598e+03    1.1877482299e-09
6.9994751816e+03    1.1847857585e-09
6.9995045034e+03    1.1818343635e-09
6.9995338252e+03    1.1742489294e-09
6.9995631470e+03    1.1634431975e-09
6.9995924688e+03    1.1605539684e-09
6.9996217906e+03    1.1576754945e-09
6.9996511124e+03    1.1548077225e-09
6.9996804342e+03    1.1332123002e-09
6.9997097560e+03    1.1304096045e-09
6.9997390778e+03    1.1150575357e-09
6.9997683996e+03    1.0966333943e-09
6.9997977214e+03    1.0939276391e-09
6.9998270432e+03    1.0912318903e-09
6.9998563650e+03    1.0700620919e-09
6.9998856868e+03    1.0525718940e-09
6.9999150086e+03    1.0376081046e-09
6.9999443304e+03    1.0253664047e-09
6.9999736522e+03    1.0228487500e-09
7.0000029740e+03    1.0203403602e-09
7.0000322958e+03    1.0178411896e-09
7.0000616176e+03    9.9278873506e-10
7.0000909394e+03    9.9036062339e-10
7.0001202612e+03    9.7078194963e-10
7.0001495830e+03    9.6841172814e-10
7.0001789048e+03    9.6605017941e-10
7.0002082266e+03    9.4160003151e-10
7.0002375484e+03    9.2027808512e-10
7.0002668702e+03    9.1803834552e-10
7.0002961920e+03    8.9364209554e-10
7.0003255138e+03    8.6353433817e-10
7.0003548356e+03    8.3522859856e-10
7.0003841574e+03    8.3319921096e-10
7.0004134792e+03    8.3117721212e-10
7.0004428010e+03    8.0098900734e-10
7.0004721228e+03    7.9904758286e-10
7.0005014446e+03    7.9711320936e-10
7.0005307664e+03    7.6630849610e-10
7.0005600882e+03    7.2774025693e-10
7.0005894100e+03    7.2598000262e-10
7.0006187318e+03    7.2422612775e-10
7.0006480536e+03    7.2247860152e-10
7.0006773754e+03    6.9034942363e-10
7.0007066972e+03    6.6085161057e-10
7.0007360190e+03    6.2528065242e-10
7.0007653408e+03    6.2377315251e-10
7.0007946626e+03    6.2227109780e-10
7.0008239844e+03    5.5625765524e-10
7.0008533062e+03    5.5491736601e-10
7.0008826280e+03    5.4982687214e-10
7.0009119498e+03    5.4527461130e-10
7.0009412716e+03    5.4396507199e-10
7.0009705934e+03    5.4266024428e-10
7.0009999152e+03    5.4136010558e-10
7.0010292370e+03    5.1963756174e-10
7.0010585588e+03    5.1839450356e-10
7.0010878806e+03    4.9348688124e-10
7.0011172024e+03    4.4431046375e-10
7.0011465242e+03    4.3737313222e-10
7.0011758460e+03    4.3632827934e-10
7.0012051678e+03    4.3528716566e-10
7.0012344896e+03    4.1518406639e-10
7.0012638114e+03    3.9454103831e-10
7.0012931332e+03    3.9166327158e-10
7.0013224550e+03    3.8854140487e-10
7.0013517768e+03    3.5489516433e-10
7.0013810986e+03    3.5405173519e-10
7.0014104204e+03    3.2671216901e-10
7.0014397422e+03    3.1807003959e-10
7.0014690640e+03    2.9724749993e-10
7.0014983858e+03    2.9654280078e-10
7.0015277076e+03    2.9584060421e-10
7.0015570294e+03    2.7503881038e-10
7.0015863512e+03    2.6564041313e-10
7.0016156730e+03    2.3775614061e-10
7.0016449948e+03    2.3719470639e-10
7.0016743166e+03    2.3663525808e-10
7.0017036384e+03    2.3607778633e-10
7.0017329602e+03    2.1380066973e-10
7.0017622820e+03    1.7528613945e-10
7.0017916038e+03    1.1912981070e-10
7.0018209256e+03    1.1884951111e-10
7.0018502474e+03    9.5166483564e-11
7.0018795692e+03    9.4942884380e-11
7.0019088910e+03    6.3873378616e-11
7.0019382128e+03    6.3723478760e-11
7.0019675346e+03    1.4964483723e-11
7.0019968564e+03    1.4929364582e-11
7.0020261782e+03    1.4894368898e-11
